focal_length_x: 427.434333
focal_length_y: 425.470033
optical_center_x: 643.684137
optical_center_y: 129.462045

# Coordsys in back axle (vehicle coordsys)   
r11: -0.00459979
r12: -0.999986
r13: -0.00277649
r21: -0.20928
r22: 0.00367769
r23: -0.977849
r31: 0.977845
r32: -0.00391684
r33: -0.209294
t1:  1.71978
t2:  257.274
t3:  46.6003

