focal_length_x: 281.432672
focal_length_y: 279.962732
optical_center_x: 369.366902
optical_center_y: 235.309676

r11:  0.001981
r12: -0.999986
r13:  0.004960
r21: -0.260269
r22: -0.005305
r23: -0.965522
r31:  0.965550
r32:  0.000622
r33: -0.260276
t1:   0.391029
t2: 258.926104
t3:  -6.032269
