focal_length_x: 341.292060
focal_length_y: 339.741423
optical_center_x: 639.011228
optical_center_y: 41.811374

# Coordsys in back axle (vehicle coordsys)                          
r11: 0.019211
r12: -0.999686
r13: 0.016098
r21: -0.173566
r22: -0.019191
r23: -0.984635
r31: 0.984635
r32: 0.016122
r33: -0.173880
t1: -3.1305
t2: 269.2353
t3: -12.1562
