%YAML:1.0
---
template_id: 2
speed_limit: 10
is_relieved: 0
contour_trees:
   -
      contour: [ 1.76309958e-01, 3.62104084e-03, 1.29048854e-01,
          1.80757754e-02, 1.20466515e-01, 2.73696166e-02, 9.40473303e-02,
          2.69245915e-02, 8.56682062e-02, 2.90429406e-02, 6.90794140e-02,
          2.87256967e-02, 6.87044784e-02, 2.20546331e-02, 7.66727254e-02,
          1.76712535e-02, 8.47757384e-02, 1.32137164e-02, 9.27596241e-02,
          4.12010122e-03, 5.15663885e-02, 2.17935094e-03, 2.86291633e-02,
          4.50315932e-03, 2.10695807e-02, 2.43118312e-03,
          -4.42849676e-04, 4.67681186e-03, -2.10866909e-02,
          4.80012037e-03, -8.35798606e-02, 5.17339911e-03,
          -9.50336680e-02, 5.24181454e-03, -1.06271960e-01,
          3.48271197e-03, -1.37920648e-01, 3.74405226e-03,
          -2.39004552e-01, 6.10177265e-03, -2.36055270e-01,
          -1.07607385e-02, -1.53564215e-01, -9.88529623e-03,
          -1.48760080e-01, -1.17452815e-02, -4.17882428e-02,
          -1.28529705e-02, 5.08315265e-02, -1.09349294e-02,
          1.75459772e-01, -1.12005984e-02 ]
      children:
         []
      distance: 1.6591457501494841e-01
   -
      contour: [ 1.98729932e-01, -3.31196305e-03, 1.89120844e-01,
          5.13692899e-03, 1.79530621e-01, 1.09891063e-02, 1.69959456e-01,
          1.43147716e-02, 1.51178330e-01, 1.84106920e-02, 1.33057371e-01,
          2.23626513e-02, 7.38740638e-02, 2.74632052e-02, 1.39941256e-02,
          3.05494107e-02, -6.32233843e-02, 3.16894315e-02,
          -1.13085739e-01, 3.10942214e-02, -1.33440152e-01,
          2.97005512e-02, -1.62057042e-01, 2.77411491e-02,
          -1.75621927e-01, 2.59999651e-02, -1.97212964e-01,
          2.21815575e-02, -2.05529869e-01, 2.00917572e-02,
          -2.13745058e-01, 1.65051594e-02, -2.17827007e-01,
          1.39748575e-02, -2.21861690e-01, 1.14738550e-02,
          -2.22592697e-01, -7.45502883e-04, -2.18930647e-01,
          -4.46016155e-03, -2.11292267e-01, -8.91175028e-03,
          -2.03378990e-01, -1.18964147e-02, -1.91103369e-01,
          -1.57080200e-02, -1.55816600e-01, -2.20963657e-02,
          -1.26803681e-01, -2.55816355e-02, -1.00794822e-01,
          -2.84025762e-02, -4.90754470e-02, -3.16858403e-02,
          -3.66097838e-02, -3.18232737e-02, -2.36478411e-02,
          -2.99814139e-02, -1.05412928e-02, -3.21106762e-02,
          7.01363087e-02, -3.19007412e-02, 9.48119760e-02,
          -3.10172569e-02, 1.29791498e-01, -2.89890021e-02,
          1.67482197e-01, -2.43942533e-02, 1.77496091e-01,
          -2.07518581e-02, 1.87696859e-01, -1.70414224e-02,
          1.98250040e-01, -1.07739652e-02 ]
      children:
         -
            contour: [ 1.50117025e-01, 1.77379954e-03, 1.49359211e-01,
                -1.01060849e-02, 1.39862299e-01, -1.37467952e-02,
                1.12798400e-01, -1.74104925e-02, 7.89690092e-02,
                -1.97927803e-02, 4.74663489e-02, -1.98762752e-02,
                -1.65240373e-02, -2.10451148e-02, -4.83625382e-02,
                -2.01302506e-02, -7.77397603e-02, -1.55621376e-02,
                -1.00021146e-01, -1.57480165e-02, -1.26058877e-01,
                -1.33439424e-02, -1.68663159e-01, -6.42254669e-03,
                -1.81530803e-01, 5.77203638e-04, -1.81042463e-01,
                8.68116040e-03, -1.48792833e-01, 1.59977432e-02,
                -1.34174630e-01, 1.76111627e-02, -9.23923030e-02,
                1.98099297e-02, -5.19314706e-02, 2.09852848e-02,
                -2.70072035e-02, 2.03040931e-02, 3.48450020e-02,
                1.80847384e-02, 8.93648490e-02, 1.48831075e-02,
                1.23425126e-01, 1.15554119e-02 ]
            relative_position: [ -1.3113760884161607e-02,
                -4.1693416364979585e-05 ]
      distance: 2.6005180178252263e-01
