%YAML:1.0
---
template_id: 2
speed_limit: 10
is_relieved: 1
contour_trees:
   -
      contour: [ 2.41828024e-01, 1.08834632e-01, 1.63170636e-01,
          8.50530639e-02, 1.39441535e-01, 9.47010070e-02, 9.42721367e-02,
          9.23107639e-02, 9.41046178e-02, 8.45978782e-02, 1.27344742e-01,
          7.29067400e-02, -5.21015469e-03, 6.36323541e-02,
          -1.31723791e-01, 5.98292835e-02, -1.71243936e-01,
          7.04138204e-02, -2.01536253e-01, 8.23338106e-02,
          -2.61306524e-01, 9.80662256e-02, -2.61369616e-01,
          9.45518613e-02, -2.66469955e-01, 9.06561241e-02,
          -2.61495680e-01, 8.75239372e-02, -2.13294730e-01,
          7.41697922e-02, -1.83943719e-01, 5.82595207e-02,
          -2.02028811e-01, 5.58238588e-02, -2.02274963e-01,
          4.25744802e-02, -1.32001549e-01, 4.54542078e-02,
          -4.92301136e-02, 2.19494738e-02, -2.40244176e-02,
          1.01643447e-02, -4.12610471e-02, 3.76701402e-03,
          -4.97284941e-02, -2.71267723e-03, -7.39395916e-02,
          -4.02195984e-03, -1.33072227e-01, -9.95141640e-03,
          -1.60018146e-01, -1.46388737e-02, -1.66513339e-01,
          -1.62607357e-02, -1.91590488e-01, -2.44307294e-02,
          -1.97696686e-01, -2.97304578e-02, -1.97980419e-01,
          -4.49530520e-02, -1.92056537e-01, -4.93461788e-02,
          -1.73653081e-01, -5.70377074e-02, -1.86155781e-01,
          -5.95918074e-02, -2.04311833e-01, -6.70628101e-02,
          -2.27354959e-01, -7.71519989e-02, -2.59631962e-01,
          -9.21580791e-02, -2.59727031e-01, -9.74431112e-02,
          -2.54619688e-01, -1.00086108e-01, -2.49508470e-01,
          -1.06334567e-01, -2.44165570e-01, -1.03681967e-01,
          -2.33258545e-01, -9.82670039e-02, -1.98618561e-01,
          -7.91858882e-02, -1.73949137e-01, -7.27002099e-02,
          -1.54343501e-01, -6.10715859e-02, -1.40874177e-01,
          -5.84424399e-02, -1.12820335e-01, -6.13238439e-02,
          -7.51164556e-02, -6.30086511e-02, -5.09507097e-02,
          -6.31922781e-02, 1.99677460e-02, -6.05299622e-02,
          6.97781146e-02, -5.74038513e-02, 1.47935107e-01,
          -5.57259917e-02, 1.84602499e-01, -6.96112290e-02,
          2.23501593e-01, -9.01230872e-02, 2.37502337e-01,
          -7.69780800e-02, 2.23965734e-01, -7.00603127e-02,
          1.72417879e-01, -5.20602502e-02, 1.60295188e-01,
          -4.30275425e-02, 1.98387116e-01, -2.85831820e-02,
          1.98579744e-01, -2.01566704e-02, 1.85927913e-01,
          -1.12626320e-02, 1.61150813e-01, -4.91232425e-03,
          1.37306571e-01, -1.48545846e-03, 6.06996492e-02,
          7.67894788e-04, 4.07290421e-02, 6.25472050e-03, 3.10673490e-02,
          1.13494266e-02, 3.11695691e-02, 1.62021294e-02, 7.16713294e-02,
          3.06846220e-02, 1.15491427e-01, 5.15513234e-02, 1.38610736e-01,
          5.72717972e-02, 1.87507942e-01, 5.82944825e-02, 1.88014120e-01,
          8.05744901e-02, 2.41557226e-01, 9.71998200e-02 ]
      children:
         -
            contour: [ -1.11999922e-01, -1.93618853e-02, -1.04780778e-01,
                -2.40085591e-02, -1.19390525e-01, -2.93648373e-02,
                -1.26584485e-01, -3.50789241e-02, -1.40482724e-01,
                -3.81075405e-02, -1.40521839e-01, -4.01414260e-02,
                -1.60472512e-01, -3.85037772e-02, -1.60321057e-01,
                -3.05501558e-02 ]
            relative_position: [ -1.3553376404221174e-01,
                -3.0325746469108510e-02 ]
         -
            contour: [ 8.26400071e-02, 5.10144792e-02, 5.13579473e-02,
                3.81422788e-02, 3.14762406e-02, 3.07632387e-02,
                -6.03314769e-03, 2.38115676e-02, -8.07838961e-02,
                4.40041758e-02, -3.19030248e-02, 4.68610786e-02,
                2.23356597e-02, 5.24345040e-02 ]
            relative_position: [ 4.0563030779484643e-03,
                4.0343978597338265e-02 ]
         -
            contour: [ 1.02403678e-01, -3.67438123e-02, 1.02290638e-01,
                -4.19217758e-02, 8.05535167e-02, -4.55718599e-02,
                1.07699223e-02, -5.01765385e-02, -7.58039812e-03,
                -5.10538965e-02, -2.52954438e-02, -5.19008711e-02,
                -5.88577241e-02, -4.90690246e-02, -9.03343931e-02,
                -5.07176220e-02, -1.19674318e-01, -4.39375564e-02,
                -1.12410210e-01, -4.03475426e-02, -8.21628124e-02,
                -2.53988430e-02, -6.63269237e-02, -1.97542123e-02,
                -3.31120528e-02, -1.24407932e-02, -1.56806558e-02,
                -1.09114805e-02, 4.03662324e-02, -1.08802840e-02,
                7.05890879e-02, -1.96718480e-02 ]
            relative_position: [ -4.6393307812780948e-03,
                -3.2701943560841017e-02 ]
         -
            contour: [ 1.48536429e-01, -2.87874546e-02, 1.36595875e-01,
                -3.35039683e-02, 1.13767765e-01, -2.69687772e-02,
                9.18738171e-02, -1.81200020e-02, 1.02969050e-01,
                -1.08454404e-02, 1.25476837e-01, -1.17135793e-02,
                1.48776993e-01, -1.80077180e-02 ]
            relative_position: [ 1.2393461303464703e-01,
                -2.0922107414750958e-02 ]
      distance: 2.2367390280535485e-01
