%YAML:1.0
---
template_id: 2
speed_limit: 20
is_relieved: 0
contour_trees:
   -
      contour: [ 2.11247832e-01, 1.86794885e-02, 2.00566173e-01,
          2.32476760e-02, 1.60459042e-01, 3.11088394e-02, 1.14721686e-01,
          3.32905091e-02, 6.50208294e-02, 3.26188728e-02,
          -7.55252242e-02, 2.42042504e-02, -1.02959119e-01,
          2.07571499e-02, -1.18491344e-01, 1.80945564e-02,
          -1.28462598e-01, 1.57985520e-02, -1.42873392e-01,
          1.16134360e-02, -1.56738222e-01, 7.58688571e-03,
          -1.65482894e-01, 2.23538303e-03, -1.69711053e-01,
          -1.21057720e-03, -1.73512623e-01, -9.50346235e-03,
          -1.68456659e-01, -1.76089983e-02, -1.63716972e-01,
          -2.08653137e-02, -1.39759004e-01, -2.92598475e-02,
          -1.29871845e-01, -3.10457610e-02, -1.14616677e-01,
          -3.29340808e-02, -2.83313217e-03, -3.41458172e-02,
          3.93298604e-02, -3.24961953e-02, 6.96953312e-02,
          -3.05801146e-02, 9.37720835e-02, -2.85000224e-02,
          1.36669025e-01, -2.40119584e-02, 1.54869646e-01,
          -2.16294546e-02, 2.02909991e-01, -9.06958804e-03,
          2.12883383e-01, -3.90580110e-03 ]
      children:
         -
            contour: [ 1.81209728e-01, 1.26051540e-02, 1.82274714e-01,
                -2.03552144e-03, 1.54002711e-01, -9.76186432e-03,
                1.27044320e-01, -1.47714568e-02, 1.01296939e-01,
                -1.72727983e-02, 7.68306777e-02, -1.96496733e-02,
                3.12214643e-02, -2.19732597e-02, -3.59900184e-02,
                -2.40997020e-02, -6.61080331e-02, -2.41150074e-02,
                -8.88518468e-02, -2.23071165e-02, -1.05141059e-01,
                -2.05692910e-02, -1.20919414e-01, -1.71525236e-02,
                -1.31184250e-01, -1.37986373e-02, -1.36347905e-01,
                -1.04401540e-02, -1.36739463e-01, -5.29786432e-03,
                -1.32103205e-01, -1.72187190e-03, -1.12397119e-01,
                5.97471977e-03, -1.02006525e-01, 8.18385370e-03,
                -9.13301185e-02, 1.04537476e-02, -7.46832713e-02,
                1.30485613e-02, -3.90489548e-02, 1.66394711e-02,
                8.17975551e-02, 2.24895272e-02, 1.24330841e-01,
                2.22269408e-02, 1.42504051e-01, 2.07027886e-02,
                1.61333308e-01, 1.91236194e-02, 1.71093240e-01,
                1.71032120e-02 ]
            relative_position: [ 2.5477637209029069e-02,
                -9.1421034164466952e-04 ]
      distance: 2.5281211473496557e-01
   -
      contour: [ 2.26661146e-01, 1.51521368e-02, 2.15314925e-01,
          2.66290233e-02, 2.04350993e-01, 3.54011729e-02, 1.84040383e-01,
          3.77843753e-02, 1.55433670e-01, 3.40568572e-02, 1.65297851e-01,
          2.80707702e-02, 1.85057893e-01, 2.31073555e-02, 1.86414316e-01,
          3.54514876e-03, 1.58250943e-01, -6.39684079e-03,
          1.40140951e-01, -1.03957644e-02, 1.13903075e-01,
          -1.27221001e-02, 8.88254046e-02, -1.27124339e-02,
          7.27424920e-02, -1.19786244e-02, 4.19614092e-02,
          -8.46748333e-03, -7.61022866e-02, 1.50888395e-02,
          -1.29694238e-01, 2.48345546e-02, -1.53472409e-01,
          2.25461945e-02, -1.62641585e-01, 2.26633586e-02,
          -1.64678752e-01, -1.09718423e-02, -1.58415258e-01,
          -3.52037437e-02, -1.44686744e-01, -3.39548700e-02,
          -1.39870256e-01, -3.52224819e-02, -1.25422224e-01,
          -3.39414701e-02, -1.21364184e-01, -2.13290118e-02,
          -1.21616870e-01, -1.78500712e-02, -1.27306297e-01,
          -8.01994279e-03, -1.18522830e-01, 8.96993559e-03,
          -5.14270179e-02, -4.41753864e-03, 3.54250036e-02,
          -1.96802262e-02, 5.79386652e-02, -2.20055133e-02,
          7.35124722e-02, -2.28918623e-02, 8.96063447e-02,
          -2.38078162e-02, 1.68469831e-01, -1.75422858e-02,
          1.87600628e-01, -1.35651119e-02, 2.17397317e-01,
          -3.54596018e-03, 2.27010980e-01, 1.00748250e-02 ]
      children:
         []
      distance: 1.7347617232348000e-01
