%YAML:1.0
---
template_id: 2
speed_limit: 20
is_relieved: 1
contour_trees:
   -
      contour: [ 2.57457167e-01, -7.62081742e-02, 1.80394217e-01,
          -5.37557304e-02, 1.80876374e-01, -4.28710766e-02,
          1.93552658e-01, -3.53090651e-02, 1.94163606e-01,
          -2.15565264e-02, 1.82082132e-01, -1.56483985e-02,
          1.70244470e-01, -9.85943712e-03, 1.58525497e-01,
          -6.85499795e-03, 1.35663226e-01, -3.63961700e-03,
          1.13682643e-01, -5.48221753e-04, 8.22022036e-02,
          2.62461463e-03, 4.27455194e-02, 3.38228117e-03, 1.53747248e-02,
          1.32779516e-02, 4.34658863e-02, 2.02122647e-02, 4.35688943e-02,
          2.26170383e-02, 6.31636456e-02, 2.74979882e-02, 1.25867799e-01,
          2.77276877e-02, 1.48664251e-01, 3.30991745e-02, 1.60289332e-01,
          3.31948735e-02, 1.84737444e-01, 4.42970134e-02, 1.74057961e-01,
          7.64840916e-02, 1.99057817e-01, 8.86087716e-02, 2.24870339e-01,
          9.56171155e-02, 2.38830179e-01, 1.13468274e-01, 1.86912477e-01,
          9.34001356e-02, 1.50872082e-01, 8.33726972e-02, 1.28247291e-01,
          8.22058320e-02, 1.27793819e-01, 7.18241781e-02, 5.41098081e-02,
          4.44544666e-02, 3.48499678e-02, 3.93115208e-02, 1.66687351e-02,
          4.37187627e-02, 7.71703245e-03, 4.35428694e-02,
          -5.80028668e-02, 5.74335121e-02, -1.89904094e-01,
          9.00211558e-02, -2.11682305e-01, 1.02742016e-01,
          -2.27397174e-01, 1.08276114e-01, -2.47420847e-01,
          1.14741221e-01, -2.57149190e-01, 1.15280509e-01,
          -2.57487953e-01, 1.06718503e-01, -2.22634971e-01,
          9.62974429e-02, -2.01461032e-01, 8.35760012e-02,
          -2.03753203e-01, 2.65202001e-02, -1.86771214e-01,
          2.47043483e-02, -1.74993217e-01, 2.47205812e-02,
          -1.61223680e-01, 6.53461218e-02, -1.42564476e-01,
          6.03449717e-02, -1.23139404e-01, 5.30939847e-02,
          -8.16024840e-02, 3.54381353e-02, -4.36129309e-02,
          2.49016453e-02, -2.76167486e-02, 1.81965157e-02,
          -2.78996062e-02, 1.14699118e-02, -3.62879261e-02,
          7.12474016e-03, -5.24654575e-02, 3.02244374e-03,
          -8.30073729e-02, 1.56027847e-03, -1.04602024e-01,
          2.07379065e-03, -1.25294954e-01, 5.43814036e-04,
          -1.38600603e-01, -1.10120210e-03, -1.51513159e-01,
          -2.69762590e-03, -1.70221180e-01, -5.96462563e-03,
          -1.94038749e-01, -1.25913424e-02, -1.99859709e-01,
          -1.60407536e-02, -2.05673561e-01, -2.12797523e-02,
          -2.06116378e-01, -3.23036164e-02, -2.00678498e-01,
          -3.63921933e-02, -1.95164800e-01, -4.05377634e-02,
          -1.83827251e-01, -4.71159816e-02, -1.95615053e-01,
          -5.17116822e-02, -2.28996590e-01, -6.29674718e-02,
          -2.34417036e-01, -6.77127168e-02, -2.60119408e-01,
          -8.19298998e-02, -2.50525087e-01, -8.85277092e-02,
          -2.40256250e-01, -8.47295150e-02, -2.29710072e-01,
          -8.08287337e-02, -1.78306729e-01, -5.71325794e-02,
          -1.53508767e-01, -5.16794175e-02, -1.40714198e-01,
          -5.28053232e-02, -1.27613679e-01, -5.59830777e-02,
          -1.14025325e-01, -5.72100654e-02, -6.28864914e-02,
          -5.96540421e-02, -3.09142061e-02, -6.02206998e-02,
          3.29032983e-03, -6.08269237e-02, 3.05783544e-02,
          -6.07153513e-02, 7.96165764e-02, -5.71943894e-02,
          1.33487210e-01, -5.33264466e-02, 1.68102458e-01,
          -5.83580956e-02, 2.17206150e-01, -7.58518800e-02,
          2.17080742e-01, -7.86576420e-02, 2.56934106e-01,
          -8.77977759e-02 ]
      children:
         -
            contour: [ -9.82051194e-02, -1.47592155e-02, -1.12422310e-01,
                -1.82687268e-02, -1.19534366e-01, -2.40521207e-02,
                -1.39820263e-01, -3.09374426e-02, -1.59132987e-01,
                -3.55747752e-02, -1.65147781e-01, -3.12840082e-02,
                -1.71154007e-01, -2.89716087e-02, -1.70920879e-01,
                -2.32209172e-02, -1.64677292e-01, -1.96988694e-02,
                -1.39088556e-01, -1.30379703e-02, -1.12084635e-01,
                -1.00664385e-02 ]
            relative_position: [ -1.3966488139391919e-01,
                -2.1809658565705652e-02 ]
         -
            contour: [ 2.51754299e-02, 2.97208633e-02, 6.92938082e-03,
                2.49712989e-02, -1.04961861e-02, 2.49472857e-02,
                -3.52614783e-02, 3.15850116e-02, -6.63265362e-02,
                4.20879386e-02, -5.07286564e-02, 4.45808321e-02,
                -1.01108393e-02, 3.40728238e-02 ]
            relative_position: [ -2.1852891618119652e-02,
                3.3515079490974473e-02 ]
         -
            contour: [ 1.22812569e-01, -4.22230661e-02, 9.03525874e-02,
                -4.79000285e-02, 6.98269382e-02, -4.90403101e-02,
                5.00511229e-02, -5.01389317e-02, 2.17560846e-02,
                -5.05344197e-02, -2.20341701e-02, -4.73850556e-02,
                -6.24348484e-02, -4.88248393e-02, -1.26951426e-01,
                -3.98394726e-02, -1.20035864e-01, -3.62571739e-02,
                -7.64642879e-02, -1.99474283e-02, -5.31963408e-02,
                -1.44648440e-02, -5.31049892e-02, -1.22792888e-02,
                -3.69408205e-02, -8.43426771e-03, -2.03204975e-02,
                -6.71838410e-03, 3.28147523e-02, -8.34685937e-03,
                5.16112335e-02, -1.37793738e-02, 6.10578433e-02,
                -2.14643907e-02, 1.01516791e-01, -3.33466679e-02,
                1.01406477e-01, -3.58864032e-02 ]
            relative_position: [ -2.6853438518248396e-03,
                -3.1351829558080586e-02 ]
         -
            contour: [ 1.38530001e-01, 6.18178733e-02, 1.49361208e-01,
                4.89692204e-02, 1.37726992e-01, 4.34805900e-02,
                1.26434118e-01, 4.06929553e-02, 1.15471825e-01,
                4.05276045e-02, 8.39278027e-02, 4.25462686e-02,
                9.44982469e-02, 4.77659591e-02, 1.05272040e-01,
                5.30860797e-02 ]
            relative_position: [ 1.2131083515131091e-01,
                4.9131939331129373e-02 ]
         -
            contour: [ 1.57820359e-01, -2.28654016e-02, 1.34288698e-01,
                -3.50268818e-02, 1.12453319e-01, -2.87670530e-02,
                1.12565033e-01, -2.62024030e-02, 8.13399330e-02,
                -1.73235107e-02, 7.14238733e-02, -1.20035596e-02,
                1.02510244e-01, -1.04828682e-02, 1.24056779e-01,
                -1.37371710e-02 ]
            relative_position: [ 1.1799746843108905e-01,
                -2.0954986654865122e-02 ]
      distance: 2.2621600622999041e-01
