%YAML:1.0
---
template_id: 2
speed_limit: 30
is_relieved: 0
contour_trees:
   -
      contour: [ 1.60562709e-01, 3.10997088e-02, 1.03492521e-01,
          2.85076667e-02, 9.13100541e-02, 2.55268137e-03, 7.04911426e-02,
          4.56870813e-03, -5.07837860e-03, 2.12554205e-02,
          -4.79175597e-02, 1.94046404e-02, -4.91630547e-02,
          -7.09135726e-04, -6.56049326e-02, -5.48750209e-03,
          -1.11119010e-01, -6.34167902e-03, -1.52487814e-01,
          -5.11274021e-03, -1.65254951e-01, -1.42985967e-03,
          -1.71366110e-01, 2.33451347e-03, -1.71100199e-01,
          6.25970308e-03, -1.64454862e-01, 1.04307393e-02,
          -1.57848939e-01, 1.26715088e-02, -1.51281267e-01,
          1.29407039e-02, -1.49943039e-01, 3.29636820e-02,
          -1.75666332e-01, 3.13405618e-02, -2.00226441e-01,
          2.60269344e-02, -2.00357303e-01, 2.41362210e-02,
          -2.12266698e-01, 1.97474100e-02, -2.18361422e-01,
          1.38895158e-02, -2.19531044e-01, -2.81091989e-03,
          -2.14221761e-01, -8.27668142e-03, -2.08705530e-01,
          -1.19362101e-02, -2.03110754e-01, -1.56478565e-02,
          -1.85440153e-01, -2.12867446e-02, -1.73097298e-01,
          -2.32150164e-02, -1.53830871e-01, -2.52086222e-02,
          -5.88341542e-02, -2.53343601e-02, -3.38507146e-02,
          -2.30878610e-02, -7.31259584e-03, -1.60537548e-02,
          1.97424553e-03, -1.12740342e-02, 1.15582477e-02,
          -4.03932529e-03, 4.93006371e-02, -1.31618092e-02,
          9.00411457e-02, -2.04192996e-02, 1.11656852e-01,
          -2.29549762e-02, 1.69853911e-01, -2.29018424e-02 ]
      children:
         []
      distance: 1.3517209891374626e-01
   -
      contour: [ 1.70554772e-01, 1.07208034e-02, 1.58489406e-01,
          1.67025290e-02, 1.34804547e-01, 2.29246505e-02, 1.11901775e-01,
          2.62663327e-02, 3.77930440e-02, 2.83610225e-02,
          -6.16054386e-02, 2.89183371e-02, -1.23369128e-01,
          2.86889374e-02, -1.64959759e-01, 2.80302651e-02,
          -1.78109899e-01, 2.64979228e-02, -2.03570232e-01,
          1.96955241e-02, -2.22149163e-01, 9.15215816e-03,
          -2.23467857e-01, -9.82028432e-03, -2.18024105e-01,
          -1.60409734e-02, -1.94364101e-01, -2.60811560e-02,
          -1.41568825e-01, -3.12850364e-02, -9.72769260e-02,
          -3.12432162e-02, 4.43966724e-02, -3.19454260e-02,
          7.56851062e-02, -3.19393165e-02, 9.75842550e-02,
          -3.10592502e-02, 1.20331526e-01, -3.01451087e-02,
          1.32109761e-01, -2.83226464e-02, 1.32251903e-01,
          -2.56191939e-02, 1.56507954e-01, -2.18129233e-02,
          1.69141516e-01, -1.70696210e-02 ]
      children:
         -
            contour: [ 1.10483833e-01, -1.47980434e-04, 1.10199854e-01,
                -5.43880230e-03, 7.68236443e-02, -1.13322586e-02,
                3.55266631e-02, -1.12549281e-02, -1.33142069e-01,
                -1.09390728e-02, -1.60745010e-01, -8.84756166e-03,
                -1.73670471e-01, -3.82966222e-03, -1.73131064e-01,
                4.20189369e-03, -1.52775913e-01, 9.11723357e-03,
                -1.09924898e-01, 8.90044682e-03, -2.87781525e-02,
                9.26654600e-03, 2.68318672e-02, 9.02681332e-03,
                8.85936320e-02, 6.16694847e-03 ]
            relative_position: [ -3.4869745924304807e-02,
                -1.1459332271661765e-03 ]
      distance: 2.1862499351931941e-01
