%YAML:1.0
---
template_id: 2
speed_limit: 30
is_relieved: 0
contour_trees:
   -
      contour: [ 1.97306812e-01, 8.00930255e-04, 1.87784091e-01,
          7.05330539e-03, 1.50710076e-01, 2.15445943e-02, 1.07270986e-01,
          2.92615481e-02, 9.06944871e-02, 2.90654190e-02, 6.67692423e-02,
          2.77024079e-02, 2.25560069e-02, 2.92888135e-02,
          -4.85422872e-02, 3.31086218e-02, -7.16840476e-02,
          3.45203280e-02, -9.90709662e-02, 3.30569446e-02,
          -1.14658885e-01, 3.18756625e-02, -1.34544984e-01,
          2.98038684e-02, -1.62691131e-01, 2.44292151e-02,
          -1.76208913e-01, 1.86699480e-02, -1.89346656e-01,
          1.15371160e-02, -1.93726510e-01, 7.64519349e-03,
          -1.94356188e-01, -1.77959201e-03, -1.90508708e-01,
          -5.84476488e-03, -1.82461336e-01, -1.09238913e-02,
          -1.74109533e-01, -1.45084849e-02, -1.38102770e-01,
          -2.29615849e-02, -1.23511046e-01, -2.46251635e-02,
          -1.08334355e-01, -2.63554230e-02, -8.15996975e-02,
          -2.87885293e-02, -5.87918833e-02, -3.01065966e-02,
          -2.20384151e-02, -3.22305933e-02, 5.49825132e-02,
          -3.13068293e-02, 9.44631249e-02, -3.44821662e-02,
          1.11394159e-01, -3.31046022e-02, 1.11553311e-01,
          -3.08345482e-02, 1.38074249e-01, -2.86170263e-02,
          1.56715631e-01, -2.47002002e-02, 1.86228350e-01,
          -1.48963556e-02, 1.96607932e-01, -9.04516038e-03 ]
      children:
         -
            contour: [ 1.58390135e-01, -9.72222711e-04, 1.57887638e-01,
                -8.09186976e-03, 1.48388997e-01, -1.13919461e-02,
                9.57115442e-02, -1.66256744e-02, 7.14770555e-02,
                -1.68712307e-02, 3.36885080e-02, -1.65575016e-02,
                -1.22728478e-03, -1.62676182e-02, -2.72515081e-02,
                -1.52701149e-02, -6.35306984e-02, -1.38795488e-02,
                -8.04787576e-02, -1.23120341e-02, -9.67381075e-02,
                -1.08082173e-02, -1.36955515e-01, -5.94696216e-03,
                -1.50907323e-01, -2.99812341e-03, -1.59697741e-01,
                2.20461958e-03, -1.59365386e-01, 7.15204328e-03,
                -1.54660597e-01, 9.57632810e-03, -1.35693133e-01,
                1.27762659e-02, -1.30913213e-01, 1.18887043e-02,
                -1.05456412e-01, 1.61266979e-02, -8.94699544e-02,
                1.70012973e-02, -7.28149563e-02, 1.79124884e-02,
                -6.13616556e-02, 1.79177243e-02, -3.13268937e-02,
                1.69617068e-02, 3.57167684e-02, 1.27303749e-02,
                7.36010745e-02, 1.36218043e-02, 9.77412835e-02,
                1.24056432e-02, 1.40534937e-01, 6.34920411e-03 ]
            relative_position: [ 4.5984026631273878e-04,
                -1.2669503099582702e-05 ]
      distance: 2.6227518198280075e-01
   -
      contour: [ 1.99712187e-01, 1.50551423e-02, 1.90635547e-01,
          2.77664568e-02, 1.81208611e-01, 3.29802707e-02, 1.62188485e-01,
          3.36108394e-02, 1.43673941e-01, 3.18818353e-02, 1.43181294e-01,
          2.48704236e-02, 1.60680085e-01, 1.22019006e-02, 1.60177425e-01,
          5.06775687e-03, 1.50444001e-01, -1.44173123e-03,
          1.41047463e-01, -5.50027285e-03, 1.23066261e-01,
          -8.81607365e-03, 1.05855927e-01, -9.76309367e-03,
          8.11884627e-02, -1.00248698e-02, 5.78681901e-02,
          -8.12771171e-03, 4.32325378e-02, -2.68882629e-03,
          3.62324789e-02, 2.06215959e-03, 3.68121117e-02, 1.04462635e-02,
          2.97723990e-02, 1.29783563e-02, 3.02033331e-02, 1.92184355e-02,
          1.61590576e-02, 1.99736804e-02, 9.15832259e-03, 1.83102712e-02,
          -4.25049942e-03, 1.90621130e-02, -5.48786158e-03,
          1.05046749e-03, -1.23037640e-02, -2.41905451e-03,
          -1.88827030e-02, -3.86583176e-03, -3.16180699e-02,
          -4.75366507e-03, -5.60006462e-02, -6.45347219e-03,
          -7.33324140e-02, -6.74249604e-03, -1.10927507e-01,
          -5.02358004e-03, -1.21001855e-01, -4.06475971e-03,
          -1.40264913e-01, -5.26536023e-04, -1.49363935e-01,
          3.68490932e-03, -1.53716624e-01, 7.41362618e-03,
          -1.57904580e-01, 1.27484677e-02, -1.57239661e-01,
          2.26634201e-02, -1.52154222e-01, 3.06942016e-02,
          -1.37643114e-01, 3.84530686e-02, -1.73720434e-01,
          3.98969464e-02, -1.82411149e-01, 3.70489135e-02,
          -1.86784223e-01, 3.40664387e-02, -1.91105172e-01,
          3.11195478e-02, -1.95479140e-01, 2.66425125e-02,
          -2.00112313e-01, 1.75514240e-02, -1.96834937e-01,
          6.30111340e-03, -1.93099767e-01, 1.21359748e-03,
          -1.72660306e-01, -8.93870834e-03, -1.64021596e-01,
          -1.15337512e-02, -1.55166686e-01, -1.41937193e-02,
          -1.41404167e-01, -1.74640995e-02, -1.01669259e-01,
          -2.20713411e-02, -8.00293833e-02, -2.27322187e-02,
          -6.29649982e-02, -2.27842145e-02, -4.51616421e-02,
          -2.28384584e-02, -2.64360998e-02, -2.09394451e-02,
          4.60071860e-05, -1.55854058e-02, 7.20027089e-03,
          -1.01335282e-02, 2.11337749e-02, -9.28806793e-03,
          3.50734703e-02, -1.47015527e-02, 3.49286161e-02,
          -1.67965945e-02, 6.46132156e-02, -2.17305422e-02,
          9.66100842e-02, -2.25248970e-02, 1.49117947e-01,
          -2.02892255e-02, 1.77786693e-01, -1.54492874e-02,
          1.87868714e-01, -1.13337198e-02, 1.98488563e-01,
          -2.20960681e-03 ]
      children:
         []
      distance: 1.8039870541617550e-01
