%YAML:1.0
---
template_id: 2
speed_limit: 30
is_relieved: 1
contour_trees:
   -
      contour: [ 1.98602304e-01, -9.43504497e-02, 1.77106038e-01,
          -8.43218639e-02, 1.66134343e-01, -8.20221230e-02,
          1.45863548e-01, -7.25117624e-02, 1.51135385e-01,
          -4.73479778e-02, 1.41771033e-01, -4.04798500e-02,
          1.32582918e-01, -3.37410457e-02, 1.23051159e-01,
          -2.95688584e-02, 1.03997014e-01, -2.38472819e-02,
          7.59196430e-02, -1.91402100e-02, 2.25053169e-02,
          -1.70791112e-02, 6.32504234e-03, -1.42543809e-02,
          -1.51251582e-02, -1.67110318e-03, 1.71968888e-03,
          2.26161489e-03, 1.10519035e-02, 7.54138827e-03, 4.74679135e-02,
          1.82801653e-02, 7.47857839e-02, 1.93199534e-02, 1.31278753e-01,
          9.41549521e-03, 1.52199194e-01, 9.17198695e-03, 1.60505623e-01,
          4.87215519e-02, 1.72094956e-01, 5.26966900e-02, 2.06564233e-01,
          5.73926568e-02, 2.09222272e-01, 7.01794252e-02, 1.99082345e-01,
          7.60595649e-02, 1.64129674e-01, 6.59766868e-02, 1.03587829e-01,
          6.60557747e-02, 1.00104749e-01, 4.97021005e-02, 8.98215249e-02,
          4.59917113e-02, 7.07449317e-02, 4.33169752e-02, 5.32647781e-02,
          4.52150293e-02, 3.68371978e-02, 4.92547601e-02,
          -1.24986458e-03, 6.19632490e-02, -5.21998964e-02,
          6.69272244e-02, -5.99238165e-02, 6.36170879e-02,
          -5.61801195e-02, 4.88832965e-02, -6.43221140e-02,
          4.37086113e-02, -7.85196275e-02, 4.14378196e-02,
          -9.18812305e-02, 4.11680043e-02, -1.23035103e-01,
          4.33290116e-02, -1.64369658e-01, 6.52281418e-02,
          -1.54584214e-01, 8.41592178e-02, -1.80880919e-01,
          8.64878222e-02, -2.01494366e-01, 8.48968923e-02,
          -2.11042464e-01, 8.57847258e-02, -2.51850367e-01,
          1.05470888e-01, -2.51491666e-01, 1.07025385e-01,
          -2.88106918e-01, 1.22961454e-01, -2.94230402e-01,
          1.12929910e-01, -2.95250803e-01, 1.08548753e-01,
          -2.92206407e-01, 1.05346419e-01, -2.36488611e-01,
          7.66773894e-02, -2.37226278e-01, 7.34655410e-02,
          -2.45659783e-01, 5.63852787e-02, -2.42027000e-01,
          5.25640398e-02, -2.38349035e-01, 4.86952886e-02,
          -2.30102852e-01, 4.40927185e-02, -2.30478540e-01,
          4.24523428e-02, -2.26280123e-01, 4.00974564e-02,
          -2.17342034e-01, 3.69703434e-02, -2.08176285e-01,
          3.37635651e-02, -1.44986346e-01, 2.55061109e-02,
          -1.21693164e-01, 2.18154769e-02, -1.09973781e-01,
          1.79785229e-02, -7.44706988e-02, -2.22790381e-03,
          -8.20026472e-02, -5.02538029e-03, -1.09353364e-01,
          -8.09457432e-03, -1.39758185e-01, -4.23540873e-03,
          -1.85209870e-01, -2.82626320e-03, -2.01247334e-01,
          -3.20127630e-03, -2.11860359e-01, -4.58374899e-03,
          -2.12249681e-01, -6.29453268e-03, -2.27671310e-01,
          -8.27258453e-03, -2.33066976e-01, -1.05849709e-02,
          -2.38397658e-01, -1.28694735e-02, -2.44042307e-01,
          -1.67764705e-02, -2.47823924e-01, -3.32896151e-02,
          -2.44479880e-01, -3.94555554e-02, -2.27936685e-01,
          -5.29720373e-02, -2.38046095e-01, -5.37153259e-02,
          -2.63758868e-01, -6.20424300e-02, -2.94563711e-01,
          -7.96313211e-02, -2.91656524e-01, -8.58069360e-02,
          -2.92391121e-01, -8.89935568e-02, -2.84248352e-01,
          -9.19353813e-02, -2.69777536e-01, -8.82722512e-02,
          -2.54397124e-01, -8.28046948e-02, -1.98437676e-01,
          -6.12782165e-02, -1.87265173e-01, -6.05951920e-02,
          -1.76615044e-01, -6.35420382e-02, -1.65256366e-01,
          -6.47203550e-02, -1.35239497e-01, -6.68545291e-02,
          -1.03024088e-01, -6.91450015e-02, 3.55540179e-02,
          -7.85331726e-02, 9.17672515e-02, -8.15265104e-02,
          1.01895086e-01, -8.12461674e-02, 1.12722792e-01,
          -7.85076991e-02, 1.32342458e-01, -8.53719264e-02,
          1.52177095e-01, -9.50459093e-02, 1.95315972e-01,
          -1.10247009e-01 ]
      children:
         -
            contour: [ -1.56961411e-01, -2.77976952e-02, -1.63342997e-01,
                -3.02015767e-02, -1.69640347e-01, -3.25737447e-02,
                -1.86833858e-01, -3.41547579e-02, -1.85624912e-01,
                -2.88062580e-02, -1.84819266e-01, -2.52421405e-02,
                -1.67592973e-01, -2.34830938e-02 ]
            relative_position: [ -1.7397564342166250e-01,
                -2.8626181002637280e-02 ]
         -
            contour: [ 2.38527581e-02, 2.82496363e-02, 1.48262298e-02,
                2.49447953e-02, -1.87370391e-03, 2.27694437e-02,
                -1.94356591e-02, 1.43401418e-02, -3.51056568e-02,
                1.23928860e-02, -3.55606601e-02, 1.03169121e-02,
                -5.03035337e-02, 1.05043119e-02, -6.96113631e-02,
                1.97673496e-02, -2.45867912e-02, 2.59013660e-02,
                -1.62151232e-02, 2.90842429e-02, -1.52958687e-02,
                3.32929827e-02, -6.78968895e-03, 3.65568139e-02,
                9.21931211e-03, 3.67788486e-02 ]
            relative_position: [ -2.0668871070643746e-02,
                2.3106573435059619e-02 ]
         -
            contour: [ 5.84557913e-02, -5.70254438e-02, 3.14480551e-02,
                -5.61565794e-02, 1.43426647e-02, -5.48589751e-02,
                -2.62876656e-02, -5.28635532e-02, -1.05023123e-01,
                -4.78037111e-02, -1.30543098e-01, -4.58112359e-02,
                -1.35639250e-01, -4.05876376e-02, -1.28837690e-01,
                -3.81697640e-02, -1.07855715e-01, -3.07109244e-02,
                -8.02269951e-02, -2.82830633e-02, -6.62404373e-02,
                -2.90515013e-02, 1.00587755e-02, -3.54735963e-02,
                2.59688348e-02, -4.09204029e-02 ]
            relative_position: [ -4.2791560574050647e-02,
                -4.2416101049365412e-02 ]
      distance: 1.7445357587185784e-01
