%YAML:1.0
---
template_id: 2
speed_limit: 40
is_relieved: 0
contour_trees:
   -
      contour: [ 1.89422309e-01, 7.21002370e-03, 1.76740393e-01,
          1.39268208e-02, 1.51953235e-01, 1.87893808e-02, 1.28159180e-01,
          2.34570988e-02, 7.24974200e-02, 2.80005429e-02, 2.18547601e-02,
          2.97069643e-02, -1.54609885e-02, 3.04964781e-02,
          -5.86034767e-02, 2.97292918e-02, -1.20577209e-01,
          2.69500297e-02, -1.41865462e-01, 2.49719899e-02,
          -1.81694537e-01, 1.73632298e-02, -1.88032091e-01,
          1.42169716e-02, -1.94316790e-01, 9.18774214e-03,
          -1.94634527e-01, -6.24067103e-03, -1.76000252e-01,
          -1.49322534e-02, -1.06976509e-01, -2.56326664e-02,
          -7.61185810e-02, -2.82099731e-02, -5.15861697e-02,
          -2.96941567e-02, -1.68268643e-02, -3.02386489e-02,
          4.01574858e-02, -3.11313067e-02, 7.11306185e-02,
          -3.03483903e-02, 1.63313821e-01, -2.07009371e-02,
          1.75991282e-01, -1.66065358e-02, 1.89007014e-01,
          -9.62066278e-03 ]
      children:
         -
            contour: [ 1.51359171e-01, -5.68458810e-03, 1.51227221e-01,
                -1.11215189e-02, 8.21148753e-02, -1.89834498e-02,
                5.05381860e-02, -2.00938117e-02, 1.11383209e-02,
                -1.98816974e-02, -4.28925790e-02, -1.95908286e-02,
                -6.78506792e-02, -1.83473919e-02, -9.92288589e-02,
                -1.60679445e-02, -1.35653526e-01, -1.08392583e-02,
                -1.56054363e-01, -1.84386887e-03, -1.55842617e-01,
                8.23893491e-03, -1.49015248e-01, 1.14594698e-02,
                -1.35128081e-01, 1.39231691e-02, -1.28065228e-01,
                1.31037608e-02, -1.06059588e-01, 1.69577375e-02,
                -6.70230240e-02, 1.93719454e-02, 2.61968654e-03,
                1.94029305e-02, 3.13742533e-02, 1.91101637e-02,
                8.29589739e-02, 1.68762598e-02, 1.27903089e-01,
                1.27956010e-02, 1.51623189e-01, 5.19115617e-03 ]
            relative_position: [ -9.6362112862646843e-04,
                -1.5342444460672566e-04 ]
      distance: 2.8854977306329899e-01
   -
      contour: [ 1.77767903e-01, -1.21492893e-02, 8.43812227e-02,
          9.81512573e-03, -4.84944647e-03, 3.10989283e-02,
          -4.01248261e-02, 3.82387564e-02, -6.50481507e-02,
          4.27247062e-02, -8.10451508e-02, 4.26752754e-02,
          -8.99767280e-02, -9.40153189e-03, -1.27136245e-01,
          -9.56026092e-03, -1.74463421e-01, -6.99845841e-03,
          -1.80866331e-01, -8.61397479e-03, -1.93312824e-01,
          -7.91174732e-03, -1.93471864e-01, -1.56367272e-02,
          -1.48254603e-01, -1.86021905e-02, -1.41353130e-01,
          -1.70017686e-02, -8.24730247e-02, -2.29163207e-02,
          -8.26157033e-02, -2.94704549e-02, -9.04466957e-02,
          -3.10731679e-02, -9.05876532e-02, -3.75727154e-02,
          -6.68035746e-02, -3.72893699e-02, -6.65111840e-02,
          -2.39631422e-02, -4.13905643e-02, -1.87648665e-02,
          1.26753300e-02, -1.95335858e-02, 6.24330118e-02,
          -1.98215656e-02, 1.28723934e-01, -2.07388382e-02,
          1.90331936e-01, -2.39325520e-02 ]
      children:
         -
            contour: [ 1.28980294e-01, -1.00670550e-02, 6.26088902e-02,
                -1.22726457e-02, 3.43166664e-03, -1.18598044e-02,
                -6.61212653e-02, -6.18895702e-03, -6.53897151e-02,
                2.71557495e-02, -4.02767472e-02, 3.13946716e-02,
                -5.00946585e-03, 2.40127854e-02, 8.42000395e-02,
                2.11685593e-03 ]
            relative_position: [ 5.2449609697259314e-03,
                4.8235222393377686e-03 ]
      distance: 2.0968673131662932e-01
