%YAML:1.0
---
template_id: 2
speed_limit: 40
is_relieved: 1
contour_trees:
   -
      contour: [ 2.46713474e-01, 8.83079469e-02, 2.20534861e-01,
          8.30720440e-02, 1.95341796e-01, 7.53271654e-02, 1.82996899e-01,
          6.75288737e-02, 1.47943288e-01, 6.07558265e-02, 1.47772804e-01,
          5.55241257e-02, 1.25539050e-01, 5.13287224e-02, 1.25456020e-01,
          4.87638228e-02, 1.04149409e-01, 4.72926199e-02, 7.39350691e-02,
          5.37511557e-02, 2.72387080e-02, 6.76586926e-02,
          -7.33771361e-03, 7.56749287e-02, -3.17849964e-02,
          8.07877257e-02, -5.50477877e-02, 8.56527910e-02,
          -6.99614584e-02, 8.80615339e-02, -8.45966116e-02,
          8.41427743e-02, -9.26125050e-02, 5.32916561e-02,
          -1.12890303e-01, 6.45437613e-02, -1.32327020e-01,
          7.33216256e-02, -1.96802452e-01, 1.01205662e-01,
          -2.17909843e-01, 1.10170402e-01, -2.42775276e-01,
          1.20295756e-01, -2.47809574e-01, 1.13350615e-01,
          -2.43068859e-01, 1.09969541e-01, -2.38266811e-01,
          1.06544688e-01, -2.23378897e-01, 9.95309576e-02,
          -1.86158970e-01, 8.44991654e-02, -1.51431024e-01,
          6.43304884e-02, -1.26397550e-01, 5.51873073e-02,
          -1.06680207e-01, 4.59291637e-02, -1.06740989e-01,
          4.38948385e-02, -9.30470601e-02, 3.88295501e-02,
          -1.06984288e-01, 3.57584357e-02, -1.39735281e-01,
          3.82719450e-02, -1.70213297e-01, 3.87173817e-02,
          -1.93141967e-01, 3.68470773e-02, -1.87771440e-01,
          2.89813876e-02, -1.64637879e-01, 2.68343873e-02,
          -1.27224028e-01, 2.73486022e-02, -8.64786133e-02,
          2.16673911e-02, -8.69173706e-02, 7.10174209e-03,
          -7.24594295e-02, 5.56072779e-03, -6.49271905e-02,
          9.03284363e-03, -5.70763499e-02, 1.90060772e-02,
          -2.59820484e-02, 7.28731975e-03, -1.80201139e-02,
          -2.41731090e-04, -2.63235252e-02, -3.80978454e-03,
          -5.02191931e-02, -7.66956480e-03, -8.00620168e-02,
          -4.14595800e-03, -9.43499804e-02, -4.53010388e-03,
          -1.28226951e-01, -6.43338915e-03, -1.59714267e-01,
          -1.01139415e-02, -1.65751889e-01, -1.11985477e-02,
          -1.77570835e-01, -1.33217331e-02, -1.83464080e-01,
          -1.80823226e-02, -1.94844753e-01, -2.19006855e-02,
          -1.95323259e-01, -3.84102613e-02, -1.84330225e-01,
          -4.78426181e-02, -1.90079272e-01, -5.04799224e-02,
          -2.01286793e-01, -5.38245402e-02, -2.12189808e-01,
          -5.70782758e-02, -2.27924258e-01, -5.91561645e-02,
          -2.38119349e-01, -6.22330531e-02, -2.62495935e-01,
          -7.04235435e-02, -2.53233522e-01, -7.77702928e-02,
          -2.53185183e-01, -7.60672987e-02, -2.33380407e-01,
          -7.20689669e-02, -2.33330473e-01, -7.03208074e-02,
          -1.78772718e-01, -5.45303449e-02, -1.60950169e-01,
          -5.22171333e-02, -1.42453536e-01, -5.37119620e-02,
          -8.89839679e-02, -6.15041666e-02, -6.71245828e-02,
          -6.33542910e-02, -3.24347802e-03, -6.57221153e-02,
          8.00926313e-02, -6.51116148e-02, 1.21807516e-01,
          -6.39533326e-02, 1.89761251e-01, -9.32628661e-02,
          2.27093965e-01, -1.05105057e-01, 2.27375388e-01,
          -9.67051610e-02, 2.02374086e-01, -8.43301713e-02,
          1.66612804e-01, -7.06858933e-02, 1.55250385e-01,
          -6.36828989e-02, 1.55509144e-01, -5.57771884e-02,
          1.79090351e-01, -5.09455018e-02, 1.91469297e-01,
          -4.16624285e-02, 1.91739157e-01, -3.35098058e-02,
          1.68274418e-01, -2.00980753e-02, 1.45471960e-01,
          -1.50468787e-02, 5.26259802e-02, -7.77159585e-03,
          3.40242237e-02, -5.78891160e-03, 1.62158217e-02,
          7.56846857e-04, 2.52614394e-02, 4.52256575e-03, 5.33846505e-02,
          1.62302926e-02, 8.28476697e-02, 2.11895518e-02, 1.03340916e-01,
          2.21377276e-02, 1.46664500e-01, 2.15322729e-02, 1.93449363e-01,
          1.81563366e-02, 1.81752801e-01, 2.98000798e-02, 1.36210769e-01,
          4.30467203e-02, 1.58962667e-01, 4.97597195e-02, 1.70814157e-01,
          5.72200455e-02, 2.33108684e-01, 7.44191855e-02, 2.46426806e-01,
          7.97848180e-02 ]
      children:
         -
            contour: [ -1.08625390e-01, -1.91255100e-02, -1.01911493e-01,
                -2.41683647e-02, -1.48232356e-01, -3.70294824e-02,
                -1.60332382e-01, -3.11702471e-02, -1.60220027e-01,
                -2.73425300e-02, -1.54042602e-01, -2.44398117e-02,
                -1.22049116e-01, -1.92720126e-02 ]
            relative_position: [ -1.3378653768415938e-01,
                -2.6937070816018205e-02 ]
         -
            contour: [ 2.57006381e-02, 1.85454879e-02, 2.55542118e-02,
                1.38707114e-02, -1.76056735e-02, 1.31884506e-02,
                -1.75365843e-02, 1.54271880e-02, -2.55721621e-02,
                2.06073001e-02, -8.94599035e-03, 2.37069670e-02 ]
            relative_position: [ -7.4218729924302451e-05,
                1.7776126042234636e-02 ]
         -
            contour: [ 9.06459689e-02, -5.17736562e-02, 7.05131888e-02,
                -5.37927039e-02, 4.17437814e-02, -5.43097369e-02,
                -2.89070117e-03, -5.43543883e-02, -5.16058244e-02,
                -5.31056300e-02, -9.57135931e-02, -4.99116369e-02,
                -1.29229173e-01, -4.01911177e-02, -1.22584902e-01,
                -3.72766517e-02, -1.02095537e-01, -3.03089954e-02,
                -8.06949958e-02, -2.51054764e-02, -5.82528561e-02,
                -1.96486972e-02, -3.47586907e-02, -1.61199383e-02,
                -1.85034964e-02, -1.59054212e-02, 6.89861504e-03,
                -1.67174153e-02, 2.45297905e-02, -1.88396834e-02,
                6.14133589e-02, -3.29980291e-02, 8.08005705e-02,
                -4.29350175e-02 ]
            relative_position: [ -1.6861201898730638e-02,
                -3.7473365331921665e-02 ]
         -
            contour: [ 8.33204910e-02, 3.59999649e-02, 8.32416639e-02,
                3.35312411e-02, 3.52094024e-02, 3.19389515e-02,
                -1.69838071e-02, 3.33409235e-02, -6.40213639e-02,
                3.88717391e-02, -4.76404279e-02, 7.68284127e-02,
                8.54554586e-04, 6.63128272e-02, 4.51915525e-02,
                5.51004596e-02 ]
            relative_position: [ -1.2797549648175810e-03,
                4.9246050347674153e-02 ]
         -
            contour: [ 1.56199202e-01, -3.46887559e-02, 1.55940384e-01,
                -4.25980203e-02, 1.44450411e-01, -4.63777781e-02,
                1.22304536e-01, -4.85987291e-02, 8.11152756e-02,
                -3.30753885e-02, 7.16011748e-02, -1.96008906e-02,
                9.16820541e-02, -1.94275621e-02, 1.23133257e-01,
                -2.29965486e-02 ]
            relative_position: [ 1.1574612327914280e-01,
                -3.3373980107385209e-02 ]
      distance: 2.5686638586178334e-01
