%YAML:1.0
---
template_id: 2
speed_limit: 50
is_relieved: 0
contour_trees:
   -
      contour: [ 1.82820454e-01, 7.77987204e-03, 1.49059623e-01,
          1.89119633e-02, 1.32922247e-01, 2.19988618e-02, 9.46893394e-02,
          2.61133555e-02, 2.02441923e-02, 2.98260283e-02,
          -2.12687999e-02, 3.00421119e-02, -4.85467575e-02,
          2.96731014e-02, -7.40482211e-02, 2.93281227e-02,
          -1.07121609e-01, 2.78886035e-02, -1.20438330e-01,
          2.70773936e-02, -1.53753713e-01, 2.29886603e-02,
          -1.65489167e-01, 2.07913388e-02, -1.76827520e-01,
          1.86683647e-02, -1.87846571e-01, 1.51452553e-02,
          -1.95048079e-01, 1.14064319e-02, -1.98674947e-01,
          7.39791803e-03, -1.99129075e-01, -4.17247135e-03,
          -1.95790797e-01, -7.49857724e-03, -1.85379595e-01,
          -1.32637694e-02, -1.78185090e-01, -1.57204568e-02,
          -1.59379527e-01, -1.98040716e-02, -1.09315872e-01,
          -2.66749207e-02, -8.61098468e-02, -2.81447843e-02,
          -6.64290488e-02, -2.90403590e-02, -4.56815660e-02,
          -2.99844705e-02, 1.77391693e-02, -3.04374807e-02,
          9.98474509e-02, -2.75375452e-02, 1.30944520e-01,
          -2.42417641e-02, 1.64276510e-01, -1.84429307e-02,
          1.73069954e-01, -1.46338921e-02, 1.82017669e-01,
          -1.07580377e-02 ]
      children:
         -
            contour: [ 1.48386359e-01, 3.23434826e-03, 1.47905618e-01,
                -7.96074979e-03, 1.31509379e-01, -1.10347969e-02,
                1.31415278e-01, -1.32362172e-02, 1.23420782e-01,
                -1.47170564e-02, 1.15649343e-01, -1.40083320e-02,
                1.00299463e-01, -1.68861952e-02, 5.73326349e-02,
                -1.88926868e-02, 5.91365620e-03, -1.93824768e-02,
                -1.18603902e-02, -1.93175506e-02, -3.43945585e-02,
                -1.86274629e-02, -5.57236671e-02, -1.79742780e-02,
                -8.08156207e-02, -1.67760774e-02, -1.13309748e-01,
                -1.45660844e-02, -1.30608171e-01, -1.24710705e-02,
                -1.42980948e-01, -9.39039141e-03, -1.50967449e-01,
                -6.87795784e-03, -1.58708200e-01, -2.88531114e-03,
                -1.62451282e-01, 6.06198038e-04, -1.62329987e-01,
                3.66549077e-03, -1.58341870e-01, 6.34566834e-03,
                -1.33784592e-01, 1.35391448e-02, -1.16534755e-01,
                1.53631270e-02, -8.90059397e-02, 1.82740055e-02,
                -2.17253398e-02, 1.89410746e-02, 1.97590943e-02,
                1.81560926e-02, 7.26881102e-02, 1.68592166e-02,
                1.16756670e-01, 1.19837653e-02, 1.32357001e-01,
                8.78261123e-03 ]
            relative_position: [ -5.6802987096311597e-03,
                -2.2538519474557539e-04 ]
      distance: 2.7927290256997817e-01
   -
      contour: [ 1.78772867e-01, 2.40348019e-02, 1.53341040e-01,
          2.52758823e-02, 1.13544978e-01, 2.36209724e-02, 2.39614453e-02,
          2.57313009e-02, 1.78333037e-02, 2.73652412e-02, 5.68218483e-03,
          2.67491937e-02, 5.52448491e-03, 2.29356512e-02, 1.73518509e-02,
          1.57590806e-02, 1.67101193e-02, 2.88650423e-04, 1.04414849e-02,
          -3.66496574e-03, -1.34414248e-02, -1.14614125e-02,
          -2.48103160e-02, -1.33580929e-02, -4.12482284e-02,
          -1.52056515e-02, -8.65731016e-02, -1.52285472e-02,
          -1.05019897e-01, -1.35818962e-02, -1.18247010e-01,
          -1.19933011e-02, -1.26777604e-01, -1.04308194e-02,
          -1.50993019e-01, -1.31112011e-03, -1.54804558e-01,
          1.68868573e-03, -1.58572346e-01, 4.65411041e-03,
          -1.58268735e-01, 1.23176789e-02, -1.54131964e-01,
          1.86468400e-02, -1.50069624e-01, 2.19484996e-02,
          -1.45959303e-01, 2.52891146e-02, -1.33522213e-01,
          3.07863802e-02, -1.53581530e-01, 3.25262360e-02,
          -1.83552653e-01, 3.03927436e-02, -1.87228441e-01,
          2.72076651e-02, -1.90863743e-01, 2.40576938e-02,
          -1.94516107e-01, 1.94926746e-02, -1.98241487e-01,
          1.20945247e-02, -1.98523983e-01, 4.88770800e-03,
          -1.95368871e-01, -2.24561547e-03, -1.92008182e-01,
          -5.08598750e-03, -1.88610643e-01, -7.95747712e-03,
          -1.81644350e-01, -1.23150405e-02, -1.70811012e-01,
          -1.67769603e-02, -1.59543619e-01, -1.98609121e-02,
          -1.51793003e-01, -2.14601569e-02, -1.18832998e-01,
          -2.66224463e-02, -4.17637378e-02, -2.78170090e-02,
          -1.40555901e-02, -2.63807122e-02, -2.37334101e-03,
          -2.46428512e-02, 9.64670535e-03, -2.28547566e-02,
          2.83833910e-02, -1.90929621e-02, 4.13984470e-02,
          -1.51639003e-02, 4.81375121e-02, -1.11488998e-02,
          5.49796373e-02, -7.07251206e-03, 6.26112372e-02,
          1.33655686e-02, 1.13178872e-01, 1.50072686e-02, 1.44543424e-01,
          1.15813026e-02, 1.43114179e-01, -2.17834227e-02,
          1.59565687e-01, -2.41498370e-02, 1.85569435e-01,
          -2.20531020e-02 ]
      children:
         []
      distance: 1.9145820406704689e-01
