%YAML:1.0
---
template_id: 2
speed_limit: 50
is_relieved: 1
contour_trees:
   -
      contour: [ 3.33168000e-01, 1.06419496e-01, 2.81158060e-01,
          9.01710317e-02, 2.45233357e-01, 7.75273070e-02, 2.22302869e-01,
          7.03921393e-02, 7.41469637e-02, 7.55538195e-02, 8.59779492e-02,
          6.36771470e-02, 8.69644955e-02, 5.90577982e-02, 7.90387839e-02,
          5.26584908e-02, 8.00168216e-02, 4.80807833e-02, 6.36008754e-02,
          4.01937589e-02, 2.26392094e-02, 3.23994271e-02,
          -9.55542922e-03, 3.49596068e-02, -1.81737524e-02,
          3.97144184e-02, -3.45706306e-02, 4.69641946e-02,
          -5.04649095e-02, 5.39918058e-02, -7.36248121e-02,
          6.51195347e-02, -8.12551007e-02, 6.93677813e-02,
          -8.33526626e-02, 7.91074634e-02, -8.41918141e-02,
          8.30039158e-02, -1.10268235e-01, 8.38563293e-02,
          -1.16957873e-01, 8.59400108e-02, -1.23552151e-01,
          8.79939869e-02, -1.36859745e-01, 9.38541964e-02,
          -1.49799019e-01, 9.95521918e-02, -1.68742076e-01,
          1.08697936e-01, -1.75777197e-01, 1.15782857e-01,
          -1.92209050e-01, 1.17445558e-01, -1.89962402e-01,
          1.07066236e-01, -1.77409306e-01, 9.82308537e-02,
          -1.47056878e-01, 8.68591070e-02, -1.40416935e-01,
          8.30291212e-02, -1.38839975e-01, 7.57273510e-02,
          -1.48548335e-01, 6.72336221e-02, -1.51177377e-01,
          5.32457530e-02, -1.43493578e-01, 4.38426062e-02,
          -1.36487067e-01, 3.79328169e-02, -1.17271133e-01,
          3.07999291e-02, -1.04405679e-01, 2.77499929e-02,
          -7.79490322e-02, 2.33107321e-02, -5.03062420e-02,
          2.05908064e-02, -6.42060349e-03, 2.03561448e-02,
          9.46332514e-03, 1.88596249e-02, 1.80588271e-02, 1.59559138e-02,
          2.81811189e-02, 6.54111756e-03, 3.70743573e-02, 3.48701724e-03,
          2.21816506e-02, -3.27321771e-03, 2.93504825e-04,
          -1.09213935e-02, -2.84582116e-02, -1.51780611e-02,
          -6.32344931e-02, -1.43085057e-02, -8.86700153e-02,
          -1.63011122e-02, -1.34582415e-01, -2.35262550e-02,
          -1.44902706e-01, -2.69699097e-02, -1.49769574e-01,
          -2.95308270e-02, -1.54195562e-01, -3.37933712e-02,
          -1.58189252e-01, -3.97232436e-02, -1.57442898e-01,
          -4.31714840e-02, -1.50439799e-01, -5.11491895e-02,
          -1.38815388e-01, -5.51156662e-02, -1.53338760e-01,
          -6.21321425e-02, -1.72552228e-01, -6.77059367e-02,
          -2.08142012e-01, -7.80304521e-02, -2.16156334e-01,
          -8.20310786e-02, -2.15129301e-01, -8.67598131e-02,
          -2.10451961e-01, -8.79724175e-02, -2.09763318e-01,
          -9.11437944e-02, -2.00575858e-01, -9.20476913e-02,
          -1.91863880e-01, -8.97235796e-02, -1.78558141e-01,
          -8.52978006e-02, -1.55457735e-01, -7.63909593e-02,
          -1.19809404e-01, -6.57566637e-02, -1.02773733e-01,
          -6.40187636e-02, -7.72785917e-02, -6.91265464e-02,
          -5.75821511e-02, -7.12284595e-02, -8.32513440e-03,
          -7.51608983e-02, 2.94487439e-02, -7.43152797e-02,
          7.13718534e-02, -7.78081939e-02, 1.06875554e-01,
          -7.76277706e-02, 1.64811373e-01, -7.61272982e-02,
          2.06267998e-01, -7.08598867e-02, 2.53810078e-01,
          -7.81836808e-02, 2.66852409e-01, -8.27355385e-02,
          2.80159920e-01, -8.73799473e-02, 2.81284571e-01,
          -9.26896855e-02, 3.21756840e-01, -1.01897515e-01,
          3.18862528e-01, -8.82049203e-02, 2.51050383e-01,
          -6.51699156e-02, 2.49946207e-01, -5.99633865e-02,
          2.57935584e-01, -4.06611897e-02, 2.44976237e-01,
          -3.65266390e-02, 2.32272625e-01, -3.24737020e-02,
          2.08140478e-01, -2.71325447e-02, 1.22297272e-01,
          -1.70797762e-02, 1.11932211e-01, -1.35976654e-02,
          1.01750121e-01, -1.01769706e-02, 9.12576020e-02,
          -4.53006383e-03, 8.97921473e-02, 2.32881098e-03,
          1.62394404e-01, 3.33804414e-02, 2.15840667e-01, 4.49660644e-02,
          2.08966002e-01, 2.26096064e-02, 2.21321136e-01, 1.91383380e-02,
          2.57077336e-01, 2.16053687e-02, 2.50311047e-01, 5.35524264e-02,
          2.59618878e-01, 6.90920800e-02, 2.83482641e-01, 7.91740790e-02,
          3.35588694e-01, 9.49345008e-02 ]
      children:
         -
            contour: [ -6.03039637e-02, -2.79158205e-02, -7.80449957e-02,
                -3.62506658e-02, -9.54232663e-02, -4.23669592e-02,
                -1.13249108e-01, -4.27641682e-02, -1.14035524e-01,
                -3.91228199e-02, -9.78311971e-02, -3.12076360e-02 ]
            relative_position: [ -9.1171692433047014e-02,
                -3.5619182921198894e-02 ]
         -
            contour: [ -5.50173782e-02, 4.24889326e-02, -5.37322871e-02,
                3.65156867e-02, -7.45459124e-02, 3.82146426e-02,
                -8.83248374e-02, 4.12234738e-02, -9.52688009e-02,
                4.36469764e-02, -1.02520108e-01, 4.79257442e-02,
                -9.89635438e-02, 6.07859641e-02, -8.50249007e-02,
                5.61555028e-02, -7.10904822e-02, 5.33478037e-02,
                -5.58742061e-02, 4.64715250e-02 ]
            relative_position: [ -7.9140377325655598e-02,
                4.7277303779364288e-02 ]
         -
            contour: [ 1.03486247e-01, 2.59703435e-02, 8.63718688e-02,
                1.83368213e-02, 6.08501062e-02, 1.18348477e-02,
                4.33021113e-02, 1.35248303e-02, 5.84661439e-02,
                2.29773726e-02 ]
            relative_position: [ 7.0357604690434172e-02,
                1.9082430209951234e-02 ]
         -
            contour: [ 1.82796240e-01, -6.24938458e-02, 1.32808477e-01,
                -6.63473830e-02, 5.19534312e-02, -6.59670383e-02,
                3.54547203e-02, -6.51790649e-02, 1.94884725e-02,
                -6.44165203e-02, -3.27662453e-02, -6.09377287e-02,
                -6.72682747e-02, -5.64850047e-02, -7.35389143e-02,
                -5.71533181e-02, -7.51772448e-02, -4.95534539e-02,
                -6.89181089e-02, -4.88290899e-02, -5.04177734e-02,
                -4.26754616e-02, -3.14909332e-02, -3.42335179e-02,
                3.42517556e-03, -2.55102962e-02, 5.17430305e-02,
                -2.58931797e-02, 9.61409062e-02, -2.73855794e-02,
                1.25301629e-01, -3.11616268e-02, 1.35880053e-01,
                -3.48339081e-02, 1.46652043e-01, -3.85733023e-02,
                1.69315964e-01, -4.86947000e-02, 1.80705696e-01,
                -5.26697934e-02 ]
            relative_position: [ 5.7024240578676055e-02,
                -4.7532522967213470e-02 ]
         -
            contour: [ 1.78567216e-01, 5.94587028e-02, 1.79634035e-01,
                5.44396080e-02, 1.59775659e-01, 4.56864759e-02,
                1.11273356e-01, 3.45905572e-02, 1.18192151e-01,
                4.81132120e-02, 1.35510296e-01, 6.14204220e-02 ]
            relative_position: [ 1.4399022333569012e-01,
                5.0361022300809216e-02 ]
      distance: 2.4053433763229079e-01
