%YAML:1.0
---
template_id: 2
speed_limit: 60
is_relieved: 0
contour_trees:
   -
      contour: [ 1.90875784e-01, 2.35983822e-03, 1.72678068e-01,
          8.51874147e-03, 1.72729313e-01, 1.08567737e-02, 1.63867101e-01,
          1.38356378e-02, 1.46547884e-01, 1.73623208e-02, 1.21629238e-01,
          2.13209782e-02, 6.80134445e-02, 2.70309541e-02, 4.67885882e-02,
          2.84107830e-02, -2.33280286e-02, 3.10767181e-02,
          -6.25203326e-02, 3.19117345e-02, -8.33054855e-02,
          3.16030793e-02, -1.17164187e-01, 3.06815673e-02,
          -1.30781233e-01, 3.00761871e-02, -1.39591724e-01,
          2.91435737e-02, -1.76752314e-01, 2.29056291e-02,
          -1.92087024e-01, 1.83319226e-02, -1.95839450e-01,
          1.57250911e-02, -1.99549630e-01, 1.31476037e-02,
          -1.99629754e-01, 8.68627615e-03, -1.99683145e-01,
          5.71229169e-03, -1.96135461e-01, -7.24026351e-04,
          -1.85003608e-01, -6.78639440e-03, -1.77340284e-01,
          -9.40647908e-03, -1.69497684e-01, -1.20878555e-02,
          -1.53219521e-01, -1.60499811e-02, -9.43642110e-02,
          -2.47341860e-02, -6.36726320e-02, -2.74596680e-02,
          -4.17755879e-02, -2.87870914e-02, -1.86243039e-02,
          -3.01905442e-02, -3.61719111e-04, -3.08113936e-02,
          1.87208503e-02, -3.14601213e-02, 5.25173806e-02,
          -3.19207460e-02, 1.12457849e-01, -3.09769027e-02,
          1.37062937e-01, -2.94615477e-02, 1.71961039e-01,
          -2.42014658e-02, 1.81125537e-01, -2.04707254e-02,
          1.90455034e-01, -1.66728124e-02 ]
      children:
         -
            contour: [ 1.54608697e-01, -8.50719120e-03, 1.54508859e-01,
                -1.31003335e-02, 1.12692036e-01, -1.99735835e-02,
                6.70101196e-02, -2.12143958e-02, 2.55044140e-02,
                -2.03412175e-02, -3.01596466e-02, -1.91701800e-02,
                -5.81077151e-02, -1.73746403e-02, -1.31487489e-01,
                -7.72592379e-03, -1.44530088e-01, -4.39397059e-03,
                -1.57048285e-01, 1.98765658e-03, -1.56902447e-01,
                9.91040748e-03, -1.52690098e-01, 1.26384767e-02,
                -1.48456365e-01, 1.37956701e-02, -1.31026939e-01,
                1.69241820e-02, -9.35065746e-02, 2.02116147e-02,
                -7.84249157e-02, 2.06525233e-02, -5.73673025e-02,
                2.06644330e-02, -2.93813646e-02, 2.02112403e-02,
                6.91795349e-03, 1.92314815e-02, 6.06119893e-02,
                1.70878898e-02, 8.25074911e-02, 1.54136484e-02,
                8.99968594e-02, 1.26884794e-02, 1.21391900e-01,
                1.02159148e-02, 1.37841120e-01, 6.65819226e-03,
                1.54808298e-01, 6.80455705e-04 ]
            relative_position: [ 6.6297150380445480e-04,
                -1.2692508902714672e-04 ]
      distance: 2.7022581149589087e-01
   -
      contour: [ 2.23241866e-01, -7.16769556e-03, 2.14031801e-01,
          2.41994881e-03, 2.04879001e-01, 7.11278338e-03, 1.95886537e-01,
          1.17234439e-02, 1.52945131e-01, 2.23939456e-02, 1.36715949e-01,
          2.42078435e-02, 1.20969690e-01, 2.37914901e-02, 1.05819002e-01,
          2.76611298e-02, 6.98560402e-02, 3.06511968e-02, 4.95709553e-02,
          3.19355316e-02, -1.75840277e-02, 3.49498540e-02,
          -3.95262465e-02, 3.57706286e-02, -7.52182901e-02,
          3.58132087e-02, -1.12281047e-01, 3.39861326e-02,
          -1.29506677e-01, 3.15404832e-02, -1.37827232e-01,
          2.95717679e-02, -1.45952299e-01, 2.76492983e-02,
          -1.57802284e-01, 2.40821689e-02, -1.65522739e-01,
          1.92458481e-02, -1.69330716e-01, 1.61154792e-02,
          -1.73149765e-01, 1.00239646e-02, -1.73393518e-01,
          -3.45838862e-03, -1.69767439e-01, -7.98928086e-03,
          -1.66072935e-01, -1.10567212e-02, -1.62336439e-01,
          -1.41590964e-02, -1.38817117e-01, -2.40799915e-02,
          -1.30572468e-01, -2.59493366e-02, -1.09054036e-01,
          -3.00021991e-02, -9.54863057e-02, -3.22211534e-02,
          -7.65669346e-02, -3.47403847e-02, -2.46035419e-02,
          -3.70519049e-02, -1.71153864e-03, -3.61778811e-02,
          1.63409542e-02, -3.50060128e-02, 2.88332552e-02,
          -3.35424282e-02, 4.83405627e-02, -2.82565933e-02,
          6.18865937e-02, -2.25613993e-02, 6.88382387e-02,
          -1.86216440e-02, 7.59843364e-02, -1.04839047e-02,
          7.61558115e-02, -2.21007387e-03, 6.92621768e-02,
          1.90243742e-03, 6.24734834e-02, 5.95231587e-03, 6.26412705e-02,
          1.41022643e-02, 9.80688632e-02, 1.25970291e-02, 1.36385843e-01,
          8.76058452e-03, 1.77863687e-01, -2.31178640e-03,
          1.86439857e-01, -1.16051370e-02, 1.77512378e-01,
          -1.84180532e-02, 1.60312355e-01, -2.26496104e-02,
          1.27753615e-01, -2.41343621e-02, 1.35349169e-01,
          -3.97549644e-02, 1.68442190e-01, -3.87938209e-02,
          2.04043910e-01, -3.06813400e-02, 2.13397041e-01,
          -2.61796042e-02, 2.23027378e-01, -1.67870633e-02 ]
      children:
         -
            contour: [ 3.58405188e-02, -2.16975668e-03, 3.57602984e-02,
                -6.12243265e-03, 2.92697046e-02, -1.19715845e-02,
                1.05953543e-02, -1.74973346e-02, -1.37268612e-03,
                -1.91584602e-02, -1.86805576e-02, -2.06373837e-02,
                -5.63023388e-02, -1.97389424e-02, -8.10702592e-02,
                -1.74376089e-02, -9.51692238e-02, -1.54556781e-02,
                -1.04265794e-01, -1.36234807e-02, -1.21736512e-01,
                -6.86055189e-03, -1.25942826e-01, -3.61438771e-03,
                -1.25733808e-01, 7.63150817e-03, -1.21405303e-01,
                1.09189507e-02, -1.08189017e-01, 1.60861332e-02,
                -7.55474046e-02, 1.85952596e-02, -4.51841429e-02,
                1.76080447e-02, -2.35544536e-02, 1.62909087e-02,
                -1.23032164e-02, 1.46715315e-02, -7.32280023e-04,
                1.30061414e-02, 2.33462714e-02, 5.63346688e-03,
                2.95476131e-02, 1.76046847e-03 ]
            relative_position: [ -4.7552749374093040e-02,
                -1.1239678905720267e-03 ]
      distance: 1.8217710513445953e-01
