%YAML:1.0
---
template_id: 2
speed_limit: 60
is_relieved: 0
contour_trees:
   -
      contour: [ 2.20529705e-01, -1.31951459e-03, 1.31246507e-01,
          1.15225231e-02, 8.45429895e-04, 2.77349781e-02,
          -9.41959934e-06, 3.16734724e-02, -1.09063476e-01,
          3.06969788e-02, -1.84862792e-01, 2.44478490e-02,
          -2.17047393e-01, 8.00320692e-03, -2.10679129e-01,
          -2.25554463e-02, -1.72438443e-01, -3.47760357e-02,
          1.19825518e-02, -2.35758796e-02, 5.55765480e-02,
          -1.21507060e-03, 2.24571168e-01, -1.92524474e-02,
          2.20529705e-01, -1.31951459e-03 ]
      children:
         -
            contour: [ 6.83687394e-03, 1.31556211e-04, -3.66106890e-02,
                -1.01049524e-02, -1.76830113e-01, -1.38422884e-02,
                -1.62954956e-01, 8.32891371e-03, -1.05160050e-01,
                1.23534892e-02, -1.85628254e-02, 1.04956925e-02,
                6.83687394e-03, 1.31556211e-04 ]
            relative_position: [ -4.7508460885743453e-02,
                7.3950326218440998e-03 ]
      distance: 1.6339605141417449e-01
   -
      contour: [ 2.27104396e-01, 1.40969120e-02, 1.64921686e-01,
          3.24118547e-02, -5.71645387e-02, 3.32550593e-02,
          -7.76619390e-02, 2.95745470e-02, -1.93552002e-01,
          3.03058363e-02, -2.09858447e-01, 2.35635545e-02,
          -2.25130096e-01, 1.36010619e-02, -2.19430447e-01,
          -1.69180185e-02, -2.01492861e-01, -2.10714601e-02,
          -2.00203314e-01, -2.79520731e-02, -1.06486388e-01,
          -3.25233564e-02, 1.50082797e-01, -3.21858414e-02,
          2.05444351e-01, -2.56148688e-02, 2.30804980e-01,
          -4.02127812e-03, 2.27104396e-01, 1.40969120e-02 ]
      children:
         -
            contour: [ 1.99103877e-01, 5.60369482e-03, 2.00913891e-01,
                -3.30819981e-03, 1.19450189e-01, -1.40484907e-02,
                -3.65306600e-03, -1.41042965e-02, -9.04722065e-02,
                -1.11659011e-02, -1.09995343e-01, -1.41524691e-02,
                -1.86361596e-01, -7.92054180e-03, -2.05357552e-01,
                -4.51549102e-04, -1.72180027e-01, 1.26028694e-02,
                -9.54630449e-02, 1.48576945e-02, 8.73174593e-02,
                1.60315689e-02, 1.40543491e-01, 1.52949179e-02,
                1.99103877e-01, 5.60369482e-03 ]
            relative_position: [ -5.4691656701555402e-04,
                1.1168934654655072e-03 ]
      distance: 2.6790455661042817e-01
