%YAML:1.0
---
template_id: 2
speed_limit: 60
is_relieved: 1
contour_trees:
   -
      contour: [ 2.61470050e-01, 1.00257717e-01, 2.50807285e-01,
          1.04778543e-01, 2.29831845e-01, 9.85724777e-02, 2.29790673e-01,
          9.60738584e-02, 1.99769720e-01, 8.72597396e-02, 1.80579230e-01,
          7.68762827e-02, 1.35711908e-01, 6.61799833e-02, 1.18916243e-01,
          6.79897070e-02, 6.43548593e-02, 7.49301389e-02, 3.57819609e-02,
          7.59186372e-02, -4.02536429e-02, 7.85491318e-02,
          -6.82683364e-02, 7.90640712e-02, -1.32947415e-01,
          7.59146661e-02, -1.46424487e-01, 7.36221522e-02,
          -1.55142605e-01, 7.16012046e-02, -1.71976551e-01,
          6.61246330e-02, -1.84043616e-01, 6.56750277e-02,
          -1.99437216e-01, 6.96469471e-02, -2.21249789e-01,
          7.60103241e-02, -2.48168439e-01, 8.57420713e-02,
          -2.57718951e-01, 8.64182636e-02, -2.57843882e-01,
          7.53588229e-02, -2.31783971e-01, 6.53374866e-02,
          -2.10675851e-01, 6.02140576e-02, -1.88139796e-01,
          5.16516082e-02, -1.88306823e-01, 3.77786756e-02,
          -1.84437037e-01, 3.31129730e-02, -1.80503339e-01,
          2.99520344e-02, -1.68383464e-01, 2.34175287e-02,
          -1.64240286e-01, 2.17193235e-02, -1.60027459e-01,
          2.16064490e-02, -1.51487678e-01, 1.81258153e-02,
          -1.24507748e-01, 1.22162271e-02, -1.05329722e-01,
          9.75124631e-03, -4.69791889e-02, 7.38669559e-03,
          -2.36504395e-02, -6.99035777e-03, -2.37033367e-02,
          -1.08251376e-02, -4.15317453e-02, -1.53699694e-02,
          -6.94999844e-02, -1.34684080e-02, -1.15381368e-01,
          -1.54766729e-02, -1.29517570e-01, -1.60954222e-02,
          -1.43149331e-01, -1.83353815e-02, -1.56283632e-01,
          -2.04935875e-02, -1.68966487e-01, -2.41595637e-02,
          -1.73074350e-01, -2.37768181e-02, -1.81183487e-01,
          -2.61391979e-02, -1.89122811e-01, -2.99857315e-02,
          -1.89159900e-01, -3.30636166e-02, -1.93069547e-01,
          -3.57006565e-02, -1.93106264e-01, -3.87604386e-02,
          -1.89326614e-01, -4.69115935e-02, -1.77495852e-01,
          -5.31514101e-02, -1.69354856e-01, -5.58509082e-02,
          -1.60997927e-01, -5.70123531e-02, -1.52457014e-01,
          -5.98248206e-02, -1.48138553e-01, -6.37057051e-02,
          -1.56863227e-01, -6.72797188e-02, -1.89715505e-01,
          -7.92076811e-02, -2.23233595e-01, -9.37410817e-02,
          -2.40457296e-01, -1.01523519e-01, -2.50357330e-01,
          -1.06275111e-01, -2.50421137e-01, -1.11869685e-01,
          -2.47215658e-01, -1.15487657e-01, -2.37278253e-01,
          -1.16574891e-01, -2.33866379e-01, -1.14551269e-01,
          -2.30400398e-01, -1.11061253e-01, -2.16234609e-01,
          -1.04093790e-01, -2.05192149e-01, -9.90358144e-02,
          -1.34797737e-01, -7.06496835e-02, -1.30154192e-01,
          -6.63287640e-02, -1.06313407e-01, -6.63435608e-02,
          -7.56294504e-02, -7.06782937e-02, -4.80642542e-02,
          -7.27078393e-02, -2.45757736e-02, -7.40538985e-02,
          3.35940048e-02, -7.58504719e-02, 6.21431358e-02,
          -7.53230229e-02, 1.08548149e-01, -7.44656697e-02,
          1.33559614e-01, -7.28658810e-02, 1.68995351e-01,
          -6.98144361e-02, 2.47413054e-01, -9.85254794e-02,
          2.47497737e-01, -9.34535861e-02, 2.58235335e-01,
          -9.21833515e-02, 2.58321464e-01, -8.70618001e-02,
          1.97300643e-01, -6.55632019e-02, 1.97731242e-01,
          -3.89155820e-02, 1.60592884e-01, -2.67714895e-02,
          1.42948464e-01, -2.33117547e-02, 1.01309292e-01,
          -2.06713453e-02, 6.30456582e-02, -1.40099842e-02,
          4.16870266e-02, 1.72543654e-03, 4.17469218e-02, 5.85953379e-03,
          7.10024461e-02, 2.18213294e-02, 1.18504286e-01, 4.10645939e-02,
          1.44058645e-01, 4.79859710e-02, 1.61699310e-01, 4.34351191e-02,
          1.61625519e-01, 3.87514196e-02, 1.61514804e-01, 3.17267403e-02,
          1.61441013e-01, 2.70442050e-02, 1.43664494e-01, 2.26744097e-02,
          1.10001154e-01, 2.10441630e-02, 1.09865859e-01, 1.21513410e-02,
          1.17989644e-01, 7.42985634e-03, 1.43413797e-01, 6.57413807e-03,
          1.61145866e-01, 8.31871945e-03, 1.89005777e-01, 1.46599263e-02,
          1.98671386e-01, 1.92771405e-02, 2.08555818e-01, 2.64287014e-02,
          2.08834559e-01, 4.35741991e-02, 1.99181035e-01, 5.08282781e-02,
          1.80236742e-01, 5.54104745e-02, 1.71053723e-01, 6.00042306e-02,
          1.71128675e-01, 6.47316650e-02, 2.40010753e-01, 8.90351459e-02 ]
      children:
         -
            contour: [ -8.03257748e-02, -2.52594054e-02, -7.50811324e-02,
                -2.93035731e-02, -8.04201514e-02, -3.24098021e-02,
                -1.15797326e-01, -4.79110889e-02, -1.34545729e-01,
                -5.06905094e-02, -1.52235061e-01, -4.19725478e-02,
                -1.52174458e-01, -3.71025614e-02, -1.47771701e-01,
                -3.43120396e-02, -1.34293661e-01, -3.07228621e-02,
                -1.15534671e-01, -2.74287947e-02 ]
            relative_position: [ -1.1715854294227424e-01,
                -3.6894077502494446e-02 ]
         -
            contour: [ 1.50058195e-02, 4.30022776e-02, 1.49203679e-02,
                3.69835682e-02, 1.48633812e-02, 3.29715237e-02,
                -1.09209111e-02, 2.54012849e-02, -2.32270136e-02,
                2.36991383e-02, -5.80262914e-02, 2.43926197e-02,
                -1.33263215e-01, 5.08998074e-02, -1.33221135e-01,
                5.42343557e-02, -1.23927973e-01, 5.77868819e-02,
                -1.14417121e-01, 5.97205870e-02, -5.75321801e-02,
                6.11895956e-02, -3.46652754e-02, 5.98878674e-02,
                -2.27503106e-02, 5.82487658e-02, 1.50628062e-02,
                4.70151752e-02 ]
            relative_position: [ -5.2117890549380319e-02,
                4.3906224793842950e-02 ]
         -
            contour: [ 1.10441022e-01, 4.99574468e-02, 7.11920187e-02,
                3.46284322e-02, 6.38246462e-02, 3.89103107e-02,
                5.65422177e-02, 4.10235114e-02, 5.66037819e-02,
                4.52264361e-02, 4.94648032e-02, 4.93590683e-02,
                2.18724385e-02, 5.71753494e-02, 4.96166497e-02,
                5.97865619e-02, 9.45434645e-02, 5.63654751e-02 ]
            relative_position: [ 7.0446093392165343e-02,
                4.9794105930767010e-02 ]
         -
            contour: [ 1.33771032e-01, -5.92074506e-02, 1.08716913e-01,
                -6.33698404e-02, 8.49234834e-02, -6.51631951e-02,
                6.22986183e-02, -6.47575110e-02, -1.21670347e-02,
                -6.40701875e-02, -3.63450758e-02, -6.29887655e-02,
                -7.01270029e-02, -6.05718717e-02, -1.01186179e-01,
                -5.31256944e-02, -9.61267874e-02, -5.02393842e-02,
                -7.52719268e-02, -4.36989069e-02, -4.17104624e-02,
                -2.85036936e-02, -2.38885041e-02, -2.42444072e-02,
                7.48492917e-03, -2.46741716e-02, 6.28276840e-02,
                -2.88170036e-02, 8.53446797e-02, -3.70093063e-02 ]
            relative_position: [ 1.5449937176263973e-02,
                -4.7115670111632604e-02 ]
         -
            contour: [ 1.60334975e-01, -4.31379601e-02, 1.60224438e-01,
                -5.01504280e-02, 1.17338292e-01, -3.51396538e-02,
                1.42733768e-01, -3.70988436e-02, 1.51494160e-01,
                -3.77746858e-02, 1.60371825e-01, -4.08002473e-02 ]
            relative_position: [ 1.4549664809473095e-01,
                -4.1347499686923930e-02 ]
      distance: 2.2454486916277006e-01
