%YAML:1.0
%2018-Cup-Vorbereitung/speed_limits_and_obstacles/speed_limits_and_obstacles_2018-02-10-22-52-00
---
template_id: 2
speed_limit: 70
is_relieved: 0
contour_trees:
   -
      contour: [ 1.89548761e-01, 3.82091291e-02, 1.40092477e-01,
          3.63612026e-02, 1.28343061e-01, -6.58192905e-03,
          1.10249668e-01, -6.47386862e-03, 6.00243285e-02,
          -1.51430431e-03, -4.54095900e-02, 4.75544948e-03,
          -1.13801844e-01, 6.17520837e-03, -1.43775567e-01,
          7.70253036e-03, -1.66936576e-01, 9.17498861e-03,
          -1.88539222e-01, 1.22475177e-02, -2.08898157e-01,
          1.34895509e-02, -2.16728583e-01, 1.33165987e-02,
          -2.20904037e-01, 6.78536436e-03, -2.13509515e-01,
          3.53335578e-04, -1.93428695e-01, -1.29490509e-03,
          -1.72039986e-01, -3.05049750e-03, -1.34703115e-01,
          -5.01093687e-03, -9.29177701e-02, -5.26049268e-03,
          -5.84585369e-02, -9.52257402e-03, -8.80446823e-05,
          -1.01693831e-02, 5.13481349e-02, -1.53585896e-02,
          1.09556086e-01, -1.87602583e-02, 1.86183348e-01,
          -2.01968979e-02, 1.89548761e-01, 3.82091291e-02 ]
      children:
         []
      distance: 1.6093051532169175e-01
   -
      contour: [ 2.05035806e-01, 5.48832258e-03, 1.95103630e-01,
          1.18098194e-02, 1.75378412e-01, 1.89008936e-02, 1.56191275e-01,
          2.31786557e-02, 1.02188095e-01, 2.78689209e-02, 4.59686518e-02,
          3.04736886e-02, 1.66764911e-02, 3.08899153e-02,
          -3.02347280e-02, 3.10389251e-02, -6.08196445e-02,
          2.99984347e-02, -1.00006700e-01, 2.82881428e-02,
          -1.30672693e-01, 2.61752978e-02, -1.54438764e-01,
          2.36659870e-02, -1.93948254e-01, 1.35876574e-02,
          -1.98194847e-01, 1.08933812e-02, -2.02388853e-01,
          8.23251903e-03, -2.03545257e-01, -6.46779314e-03,
          -1.92009985e-01, -1.36385448e-02, -1.83943883e-01,
          -1.68857202e-02, -1.48963943e-01, -2.36443989e-02,
          -1.29887640e-01, -2.54792552e-02, -1.09733008e-01,
          -2.74178460e-02, -9.38145742e-02, -2.84665208e-02,
          -7.71910772e-02, -2.95616481e-02, -9.15034488e-03,
          -3.11884023e-02, 4.72804625e-03, -2.91534998e-02,
          1.87071227e-02, -3.14534418e-02, 4.09393013e-02,
          -3.05353533e-02, 1.15026355e-01, -2.74758767e-02,
          1.62124544e-01, -2.12727711e-02, 1.82488799e-01,
          -1.60049200e-02, 1.93088427e-01, -1.19712614e-02,
          2.04129428e-01, -5.18749561e-03, 2.05035806e-01,
          5.48832258e-03 ]
      children:
         -
            contour: [ 1.64070055e-01, 1.81125267e-03, 1.63637608e-01,
                -3.31993960e-03, 1.53625220e-01, -7.32158171e-03,
                1.43804133e-01, -1.12467911e-02, 1.16048262e-01,
                -1.52475229e-02, 8.15466419e-02, -1.78900454e-02,
                4.96075712e-02, -1.80730168e-02, -7.05830157e-02,
                -1.87615789e-02, -8.74744952e-02, -1.78940352e-02,
                -1.03644244e-01, -1.70635618e-02, -1.23963557e-01,
                -1.35617228e-02, -1.29014552e-01, -1.45399021e-02,
                -1.43331453e-01, -1.20352078e-02, -1.52419150e-01,
                -8.65767244e-03, -1.65402368e-01, -1.16236776e-03,
                -1.64991274e-01, 4.02538897e-03, -1.60302803e-01,
                6.81546330e-03, -1.26684740e-01, 1.46496259e-02,
                -1.11411437e-01, 1.63798220e-02, -9.01181027e-02,
                1.75251439e-02, -5.57634830e-02, 1.93730127e-02,
                -4.97131003e-03, 1.99806150e-02, 1.57799870e-02,
                1.99558157e-02, 4.50366139e-02, 1.91671215e-02,
                7.63570517e-02, 1.83227975e-02, 1.36468306e-01,
                1.23272743e-02, 1.64070055e-01, 1.81125267e-03 ]
            relative_position: [ -1.5865314530573160e-03,
                -5.7340676870507035e-06 ]
      distance: 2.5312366024848298e-01
