%YAML:1.0
---
template_id: 2
speed_limit: 70
is_relieved: 1
contour_trees:
   -
      contour: [ 2.50607461e-01, 1.32340372e-01, 2.37922668e-01,
          1.25486925e-01, 2.13360086e-01, 1.14904083e-01, 1.67122334e-01,
          9.49825570e-02, 4.79943082e-02, 5.75419515e-02, 2.20843870e-02,
          5.61727472e-02, -3.34640704e-02, 5.96464947e-02,
          -8.31385255e-02, 5.87032400e-02, -9.63640511e-02,
          5.98758124e-02, -1.27723843e-01, 6.74638227e-02,
          -1.56891376e-01, 7.63798431e-02, -1.78803742e-01,
          8.34399164e-02, -2.14415222e-01, 9.70733166e-02,
          -2.37957001e-01, 1.04172461e-01, -2.72732854e-01,
          1.10515729e-01, -2.72788465e-01, 1.00971788e-01,
          -2.60158718e-01, 9.62651446e-02, -2.33449012e-01,
          8.96798372e-02, -2.19345167e-01, 8.27720016e-02,
          -1.94555804e-01, 7.65465051e-02, -1.73521906e-01,
          6.94438592e-02, -1.73534423e-01, 6.76267892e-02,
          -1.62576318e-01, 6.48245662e-02, -1.84258953e-01,
          6.13911673e-02, -1.99737132e-01, 6.37665689e-02,
          -2.24253863e-01, 6.18539006e-02, -2.24307865e-01,
          5.33506684e-02, -2.19553322e-01, 5.02459109e-02,
          -2.09814429e-01, 5.08496910e-02, -2.04860628e-01,
          4.94125709e-02, -1.84331760e-01, 5.06383292e-02,
          -1.39795631e-01, 4.95113358e-02, -1.15571871e-01,
          4.88983542e-02, -2.61971280e-02, 2.56336089e-02,
          -2.62699556e-02, 1.70215033e-02, -3.38577367e-02,
          1.26452567e-02, -6.99484125e-02, 2.04404746e-03,
          -9.03240293e-02, -7.94335734e-03, -9.69014466e-02,
          -9.84534808e-03, -1.09749570e-01, -1.16038630e-02,
          -1.63156420e-01, -1.79951154e-02, -1.90068781e-01,
          -2.43726429e-02, -1.95238814e-01, -2.59502903e-02,
          -2.10355088e-01, -3.22902538e-02, -2.15270460e-01,
          -3.54948938e-02, -2.20144153e-01, -4.20741625e-02,
          -2.20187932e-01, -4.89054881e-02, -2.15392470e-01,
          -5.44027649e-02, -2.10523874e-01, -5.82413934e-02,
          -2.29778424e-01, -6.67788014e-02, -2.52495140e-01,
          -7.44079947e-02, -2.61200190e-01, -7.82975852e-02,
          -2.69695520e-01, -8.20934623e-02, -2.69733012e-01,
          -8.84683579e-02, -2.65544802e-01, -9.22318846e-02,
          -2.52594084e-01, -9.07382220e-02, -2.43674263e-01,
          -8.69561508e-02, -2.25138098e-01, -7.74055049e-02,
          -2.00606868e-01, -6.78217039e-02, -1.85107708e-01,
          -6.39059842e-02, -1.46477789e-01, -6.72551841e-02,
          -1.16448432e-01, -6.79130480e-02, -9.07916948e-02,
          -6.80744350e-02, -6.35390282e-02, -6.82458654e-02,
          -2.69792713e-02, -6.68640286e-02, 4.47802618e-03,
          -6.47869706e-02, 5.58205061e-02, -6.13969415e-02,
          1.02954723e-01, -5.70624247e-02, 1.54669896e-01,
          -4.97443751e-02, 2.35660359e-01, -7.56268352e-02,
          2.48388842e-01, -6.25668243e-02, 2.23589450e-01,
          -5.30398414e-02, 1.99723229e-01, -4.92295399e-02,
          1.76850364e-01, -4.03376780e-02, 1.99926153e-01,
          -3.05512287e-02, 2.00042069e-01, -1.98745746e-02,
          1.88528448e-01, -1.17088454e-02, 1.66059613e-01,
          -6.22065458e-03, 1.44421458e-01, -3.48454691e-03,
          1.23594023e-01, -8.50951532e-04, 6.54776767e-02,
          -5.97980747e-04, 4.75006849e-02, 4.12274199e-03,
          3.01593784e-02, 1.09636942e-02, 1.34004382e-02, 1.75748765e-02,
          1.34602096e-02, 2.43061930e-02, 3.90185826e-02, 3.63483056e-02,
          5.67821003e-02, 4.16066833e-02, 9.41659287e-02, 4.29834686e-02,
          1.44865692e-01, 3.97621281e-02, 2.00709566e-01, 4.15632278e-02,
          2.01348782e-01, 1.00404933e-01, 2.25378141e-01, 1.07847348e-01,
          2.50512153e-01, 1.23970643e-01 ]
      children:
         -
            contour: [ 1.36195747e-02, 4.22610864e-02, 5.37702022e-03,
                3.74883935e-02, -1.06612444e-02, 3.25576104e-02,
                -2.61060912e-02, 3.64009589e-02, -2.60878727e-02,
                3.85547206e-02, -3.35714854e-02, 4.68233190e-02,
                -2.61278008e-03, 4.60399054e-02 ]
            relative_position: [ -1.1061096209395105e-02,
                4.0665840154155912e-02 ]
         -
            contour: [ 3.00767049e-02, 1.83748140e-03, 1.32212099e-02,
                -2.61330605e-03, -2.64155772e-02, -1.97982765e-04,
                -1.87059306e-02, 4.10800613e-03, -1.08687645e-02,
                8.48521758e-03, 5.14229760e-03, 1.07864272e-02,
                2.16379594e-02, 6.37907861e-03 ]
            relative_position: [ 2.6936154263846879e-03,
                3.4220365094523673e-03 ]
         -
            contour: [ 1.33538350e-01, -3.86629589e-02, 9.32919532e-02,
                -4.68095131e-02, 7.42984340e-02, -4.59013134e-02,
                1.27636129e-02, -5.41660078e-02, -3.49574559e-03,
                -5.54067641e-02, -2.68884152e-02, -5.61178327e-02,
                -7.72854313e-02, -5.69718331e-02, -1.10090859e-01,
                -5.66881709e-02, -1.57794386e-01, -5.14648482e-02,
                -1.52095646e-01, -4.81261536e-02, -1.46316051e-01,
                -4.47400659e-02, -1.34521037e-01, -3.97254340e-02,
                -1.16200313e-01, -3.48459147e-02, -1.03516638e-01,
                -2.94968672e-02, -9.70087945e-02, -2.37771925e-02,
                -7.69791827e-02, -1.83053277e-02, -4.88442928e-02,
                -1.69063695e-02, -1.10573051e-02, -1.33880954e-02,
                2.14554835e-02, -1.39758857e-02, 2.99527980e-02,
                -1.18485205e-02, 5.62791824e-02, -1.22642424e-02,
                9.35279876e-02, -2.25580316e-02, 1.13138519e-01,
                -3.29318941e-02 ]
            relative_position: [ -1.3075286507718054e-02,
                -3.5909223346412431e-02 ]
         -
            contour: [ 1.44290835e-01, -1.61965974e-02, 1.44160315e-01,
                -2.89052129e-02, 1.23368390e-01, -2.33022943e-02,
                1.23468637e-01, -1.33252423e-02 ]
            relative_position: [ 1.3423968568220934e-01,
                -2.0517271025828752e-02 ]
         -
            contour: [ 1.56003490e-01, 7.86693469e-02, 1.66740626e-01,
                5.86281717e-02, 1.44996345e-01, 5.24893031e-02,
                1.13998935e-01, 5.36086671e-02, 9.43077803e-02,
                5.75606488e-02, 1.14097342e-01, 6.35091513e-02,
                1.14121884e-01, 6.59845993e-02 ]
            relative_position: [ 1.3709258239234201e-01,
                6.2819516583056637e-02 ]
      distance: 2.3244440056388180e-01
