%YAML:1.0
---
template_id: 2
speed_limit: 80
is_relieved: 0
contour_trees:
   -
      contour: [ 2.15214863e-01, 1.04357200e-02, 1.93793803e-01,
          1.68344565e-02, 1.52882084e-01, 2.21939087e-02, 9.54860970e-02,
          2.63902098e-02, 5.96041493e-02, 2.79307868e-02, 2.54366472e-02,
          2.93977652e-02, -2.27990001e-02, 2.99364422e-02,
          -8.21092129e-02, 2.96211205e-02, -1.23180754e-01,
          2.72720903e-02, -1.61588088e-01, 2.23171040e-02,
          -1.85744733e-01, 1.55871445e-02, -1.97015375e-01,
          1.65145786e-03, -1.84741408e-01, -8.66716914e-03,
          -1.72443286e-01, -1.37520311e-02, -1.47307560e-01,
          -1.86830033e-02, -7.98660219e-02, -2.60982383e-02,
          -5.07869013e-02, -2.86987685e-02, -4.68709320e-03,
          -3.12761813e-02, 1.35294393e-01, -2.99996734e-02,
          1.74783349e-01, -2.61266604e-02, 1.95255935e-01,
          -2.23326664e-02, 2.16152206e-01, -1.48274461e-02 ]
      children:
         -
            contour: [ 1.94192737e-01, 6.14927895e-03, 1.94724411e-01,
                -8.09385255e-03, 1.34904668e-01, -1.97351538e-02,
                1.09938569e-02, -2.17142161e-02, -3.61727215e-02,
                -1.94341373e-02, -6.59044236e-02, -1.70107484e-02,
                -9.43403766e-02, -1.46929976e-02, -1.47876829e-01,
                -4.79034288e-03, -1.35718718e-01, 1.24734445e-02,
                -1.09320328e-01, 1.65559463e-02, -3.77415083e-02,
                1.99929737e-02, 2.58097444e-02, 1.98592860e-02,
                1.33604825e-01, 1.44961076e-02 ]
            relative_position: [ 2.3694882615382440e-02,
                -6.1139741024548305e-04 ]
      distance: 2.5399347923963123e-01
   -
      contour: [ 2.11210147e-01, 1.25654330e-02, 1.89552560e-01,
          2.49625035e-02, 1.68722928e-01, 2.99896486e-02, 1.48563832e-01,
          3.14094462e-02, 1.09909222e-01, 3.07525992e-02, 3.85837555e-02,
          1.98628306e-02, 5.14884153e-03, 2.26728003e-02,
          -4.25046720e-02, 3.57687548e-02, -7.22737685e-02,
          3.80680785e-02, -1.00629143e-01, 3.73590104e-02,
          -1.78280994e-01, 2.44901050e-02, -1.89990327e-01,
          1.48458108e-02, -1.89108148e-01, -6.75302418e-03,
          -1.76504225e-01, -1.91485621e-02, -1.63978279e-01,
          -2.35356241e-02, -1.51191548e-01, -2.80139726e-02,
          -1.11528501e-01, -3.34098600e-02, -3.97605971e-02,
          -3.41145173e-02, 2.32640002e-02, -2.01028045e-02,
          5.75353242e-02, -2.39915904e-02, 7.55582079e-02,
          -3.26080583e-02, 9.37773213e-02, -3.47577035e-02,
          1.31491855e-01, -3.57959457e-02, 1.91522032e-01,
          -2.85454672e-02, 2.12400481e-01, -1.99738257e-02 ]
      children:
         -
            contour: [ 5.51483128e-03, 1.32311871e-02, 6.36858540e-03,
                -8.79189372e-03, -2.50620861e-02, -1.76779609e-02,
                -5.53061254e-02, -2.01563910e-02, -8.43311176e-02,
                -1.95888523e-02, -1.12218514e-01, -1.61724649e-02,
                -1.39043018e-01, -1.00871986e-02, -1.39723584e-01,
                6.79433858e-03, -1.26973152e-01, 1.67628415e-02,
                -7.16854781e-02, 2.32054964e-02, -2.65042502e-02,
                1.92035250e-02 ]
            relative_position: [ -6.6492838288248146e-02,
                1.1059067655124766e-03 ]
         -
            contour: [ 1.90209404e-01, 7.11975759e-03, 1.90734610e-01,
                -7.14957481e-03, 1.50375515e-01, -1.72377303e-02,
                1.11821659e-01, -2.00424138e-02, 5.71614429e-02,
                -1.42108500e-02, 5.64133339e-02, 5.35672717e-03,
                1.10419326e-01, 1.72018930e-02, 1.69374809e-01,
                1.23807732e-02 ]
            relative_position: [ 1.2199362935779279e-01,
                -1.7522073577329184e-03 ]
      distance: 1.6950792115016450e-01
