%YAML:1.0
---
template_id: 2
speed_limit: 80
is_relieved: 1
contour_trees:
   -
      contour: [ 2.91170716e-01, 9.24214497e-02, 2.17484802e-01,
          7.00798705e-02, 1.89544082e-01, 7.21541643e-02, 1.89349428e-01,
          7.50249699e-02, 1.62591070e-01, 7.69512281e-02, 1.24692187e-01,
          7.69687295e-02, 7.79394731e-02, 7.26290867e-02, 2.48234253e-02,
          6.20517917e-02, -5.83589962e-03, 7.21771866e-02,
          -3.45375314e-02, 7.70422444e-02, -4.37139533e-02,
          7.78267086e-02, -7.87019283e-02, 7.85700902e-02,
          -1.03382364e-01, 7.85440207e-02, -1.55765206e-01,
          6.87626377e-02, -1.69985369e-01, 7.02654645e-02,
          -1.83919117e-01, 7.37433657e-02, -2.10557386e-01,
          8.03923160e-02, -2.23576665e-01, 8.74385685e-02,
          -2.29876861e-01, 8.99261683e-02, -2.41798624e-01,
          8.91191214e-02, -2.47020677e-01, 8.02707449e-02,
          -2.34984592e-01, 7.71347880e-02, -2.09992021e-01,
          7.25472942e-02, -1.90080374e-01, 6.64189905e-02,
          -1.76202342e-01, 6.08205274e-02, -1.89071879e-01,
          5.23849204e-02, -1.87343702e-01, 2.83362865e-02,
          -1.80149466e-01, 2.12343894e-02, -1.72992110e-01,
          1.60585437e-02, -1.58789575e-01, 1.16621507e-02,
          -1.21662602e-01, 5.42155141e-03, -7.34327286e-02,
          4.00683051e-03, -2.97334772e-02, 8.60773027e-03,
          -1.08110765e-02, 5.76325739e-03, -9.22364998e-04,
          1.87989231e-03, -2.45142146e-04, -7.80802779e-03,
          -1.88561585e-02, -1.42090973e-02, -4.60403748e-02,
          -1.64439324e-02, -1.42043486e-01, -2.22280007e-02,
          -1.63083658e-01, -2.60661487e-02, -1.76528737e-01,
          -2.91997027e-02, -1.83027104e-01, -3.17314863e-02,
          -1.89285025e-01, -3.62111256e-02, -1.95449471e-01,
          -4.06238399e-02, -1.94881886e-01, -4.85067591e-02,
          -1.87856913e-01, -5.60651645e-02, -1.67308658e-01,
          -6.31875321e-02, -1.45946905e-01, -6.85657337e-02,
          -1.92328975e-01, -8.39635283e-02, -2.16586828e-01,
          -9.39743817e-02, -2.33844385e-01, -1.01578087e-01,
          -2.44903028e-01, -1.07085153e-01, -2.44635269e-01,
          -1.10774703e-01, -2.38806412e-01, -1.12710714e-01,
          -2.38267601e-01, -1.20140336e-01, -2.21095085e-01,
          -1.14890017e-01, -1.97436541e-01, -1.01666391e-01,
          -1.37854412e-01, -8.08837935e-02, -1.08489849e-01,
          -7.16260970e-02, -8.47033635e-02, -7.09252805e-02,
          -5.07454053e-02, -7.45203048e-02, -5.10275410e-03,
          -7.57845566e-02, 1.34753615e-01, -6.99019060e-02,
          1.85849503e-01, -7.14660436e-02, 1.99651852e-01,
          -7.68862516e-02, 2.00039923e-01, -8.26091394e-02,
          2.28164420e-01, -8.80832449e-02, 2.42894918e-01,
          -9.38679203e-02, 2.73560315e-01, -1.08853571e-01,
          2.89317518e-01, -1.15075216e-01, 2.88294852e-01,
          -9.97869447e-02, 2.57151753e-01, -8.78239721e-02,
          1.99069574e-01, -6.83006123e-02, 1.98681355e-01,
          -6.25759810e-02, 2.25794300e-01, -5.29819056e-02,
          2.24015534e-01, -2.66386624e-02, 1.69091776e-01,
          -1.85044929e-02, 1.31217137e-01, -1.82775632e-02,
          1.06989190e-01, -1.45816812e-02, 9.54172015e-02,
          -1.54264923e-02, 8.38926807e-02, -1.36428522e-02,
          6.09770231e-02, -2.49278988e-03, 1.17317863e-01,
          7.81547092e-03, 1.41639754e-01, 1.00392308e-02, 1.67181164e-01,
          9.55058727e-03, 1.93435580e-01, 1.47749418e-02, 2.20652938e-01,
          2.31611673e-02, 2.34319195e-01, 3.34232748e-02, 2.18475193e-01,
          5.54127470e-02, 2.32321590e-01, 6.30754083e-02, 3.07542086e-01,
          8.84066224e-02 ]
      children:
         -
            contour: [ -9.13048238e-02, 2.22575311e-02, -1.30844742e-01,
                2.80253794e-02, -1.38526693e-01, 3.12391631e-02,
                -1.32060423e-01, 4.50849421e-02, -1.16493441e-01,
                4.09439467e-02, -9.19342116e-02, 3.11417356e-02 ]
            relative_position: [ -1.1577264594946657e-01,
                3.2720933867001339e-02 ]
         -
            contour: [ -6.24223724e-02, -3.15238573e-02, -7.05621094e-02,
                -3.66141945e-02, -1.02084935e-01, -5.17723002e-02,
                -1.17231019e-01, -5.68366647e-02, -1.47284061e-01,
                -4.98627722e-02, -1.48027152e-01, -3.94690149e-02,
                -1.33852005e-01, -3.42875905e-02, -1.19064055e-01,
                -3.10846567e-02 ]
            relative_position: [ -1.1181337268667157e-01,
                -4.1791021216855698e-02 ]
         -
            contour: [ 1.56194866e-02, 4.81986441e-02, 1.63078532e-02,
                3.83211039e-02, 6.75830198e-03, 3.21582034e-02,
                -2.15244945e-02, 2.38550771e-02, -4.91389930e-02,
                2.75757611e-02, -7.56671503e-02, 3.56252715e-02,
                -1.17264025e-01, 5.17822243e-02, -9.39805731e-02,
                6.00270107e-02, -7.75835589e-02, 6.27437383e-02,
                -6.04565032e-02, 6.32548854e-02, -4.81875148e-03,
                5.76242805e-02, 5.22147026e-03, 5.41781858e-02 ]
            relative_position: [ -4.3167477304915325e-02,
                4.5364030743089090e-02 ]
         -
            contour: [ 4.87011597e-02, 1.94230899e-02, 5.97349741e-02,
                1.54455975e-02, 1.83720086e-02, 8.70093517e-03,
                1.82000063e-02, 1.11685665e-02, 1.76840536e-02,
                1.85722467e-02, 3.78753319e-02, 2.33256631e-02 ]
            relative_position: [ 3.4459899715321152e-02,
                1.6136410504858700e-02 ]
         -
            contour: [ 1.33637220e-01, -5.36056161e-02, 1.34195536e-01,
                -6.17544651e-02, 3.34866866e-02, -6.24593012e-02,
                1.35800354e-02, -6.55836239e-02, -3.36916372e-02,
                -6.47454932e-02, -6.01749010e-02, -6.33675754e-02,
                -7.71398991e-02, -6.17424659e-02, -8.56456086e-02,
                -5.76247685e-02, -6.97651505e-02, -4.78915758e-02,
                -5.31704873e-02, -4.01143953e-02, 9.39588354e-04,
                -2.47570872e-02, 4.11932170e-02, -2.44358275e-02,
                8.47937018e-02, -2.67005451e-02, 9.65071768e-02,
                -3.12502533e-02, 1.08454518e-01, -3.58907655e-02,
                1.33265108e-01, -4.81722541e-02 ]
            relative_position: [ 2.9080315788284850e-02,
                -4.6765163367537659e-02 ]
         -
            contour: [ 1.77178502e-01, 5.61204031e-02, 9.25086513e-02,
                2.67962832e-02, 6.97302073e-02, 2.95094289e-02,
                5.84924594e-02, 3.33908387e-02, 5.76045774e-02,
                4.62130606e-02, 6.81191832e-02, 5.28148301e-02,
                1.13619819e-01, 6.16967306e-02, 1.38255447e-01,
                5.95353134e-02, 1.50769278e-01, 6.12007640e-02,
                1.63739190e-01, 6.00920022e-02 ]
            relative_position: [ 1.0721533004600659e-01,
                4.6278720287041109e-02 ]
         -
            contour: [ 1.96933702e-01, -3.68065014e-02, 1.84502304e-01,
                -5.16420156e-02, 1.45395786e-01, -4.48953137e-02,
                1.32706717e-01, -4.00210433e-02, 1.20088689e-01,
                -3.25549394e-02, 1.44269422e-01, -2.84217019e-02 ]
            relative_position: [ 1.6097574477379095e-01,
                -3.9082222397192654e-02 ]
         -
            contour: [ 1.78143099e-01, 4.19269986e-02, 1.91879481e-01,
                3.77182141e-02, 1.65843070e-01, 2.91991215e-02,
                1.52665868e-01, 3.34082134e-02 ]
            relative_position: [ 1.7219049909341266e-01,
                3.5574566373114930e-02 ]
      distance: 2.0952628491976560e-01
