%YAML:1.0
---
template_id: 2
speed_limit: 90
is_relieved: 0
contour_trees:
   -
      contour: [ 1.64639920e-01, 3.14890663e-03, 1.48179859e-01,
          1.13047538e-02, 1.15401186e-01, 1.76616628e-02, 1.08456593e-02,
          2.76199356e-02, -2.98262592e-02, 2.58446112e-02,
          -6.74153492e-02, 2.95983646e-02, -1.36874631e-01,
          2.87945122e-02, -1.68799579e-01, 2.71861143e-02,
          -2.09254637e-01, 1.95990112e-02, -2.19349623e-01,
          1.36417216e-02, -2.21092016e-01, -2.93768151e-03,
          -1.93377271e-01, -1.44035388e-02, -1.20436139e-01,
          -2.55830549e-02, -8.57222229e-02, -2.81806998e-02,
          1.85090266e-02, -3.20613980e-02, 7.81822428e-02,
          -3.12201846e-02, 1.26948461e-01, -2.81659942e-02,
          1.44341752e-01, -2.38994565e-02, 1.62163407e-01,
          -1.95277818e-02 ]
      children:
         -
            contour: [ 1.46434844e-01, -4.70043952e-03, 1.45737037e-01,
                -1.11009860e-02, 1.28324717e-01, -1.55220060e-02,
                3.39605995e-02, -2.22747829e-02, -4.76465560e-02,
                -1.98872685e-02, -1.19331554e-01, -1.51813123e-02,
                -1.62241891e-01, -9.00472235e-03, -1.81983113e-01,
                -1.17622153e-03, -1.80687070e-01, 1.11068049e-02,
                -1.59860075e-01, 1.35226250e-02, -1.59595311e-01,
                1.60263292e-02, -1.48879588e-01, 1.72929987e-02,
                -1.04160219e-01, 1.99835040e-02, -8.05801600e-02,
                2.00697687e-02, -1.73672810e-02, 1.88888907e-02,
                3.80966701e-02, 1.60783101e-02, 9.84122306e-02,
                9.91564244e-03 ]
            relative_position: [ -2.2817931497705279e-02,
                -9.0223272578149327e-04 ]
      distance: 2.9564327155306891e-01
   -
      contour: [ 1.51530206e-01, 7.86989089e-03, 1.35268375e-01,
          1.81840584e-02, 7.13578537e-02, 3.25821936e-02, 4.09313887e-02,
          3.33106779e-02, -2.21501547e-03, 3.43437120e-02,
          -2.94413175e-02, 3.49955782e-02, -5.61066754e-02,
          3.00752446e-02, -6.93099871e-02, 2.49484144e-02,
          -8.25238228e-02, 1.72125641e-02, -8.47859830e-02,
          -4.49973065e-03, -7.36005157e-02, -1.61823388e-02,
          -1.32755473e-01, -1.21947164e-02, -1.65271670e-01,
          -7.45376758e-03, -1.95468798e-01, 1.94534357e-03,
          -1.93947539e-01, 1.67155527e-02, -1.51380211e-01,
          2.25291494e-02, -1.49792552e-01, 3.78770828e-02,
          -1.81747839e-01, 3.61497216e-02, -2.22309992e-01,
          2.76033599e-02, -2.32238188e-01, 2.31886767e-02,
          -2.34916255e-01, -2.91897100e-03, -2.25998610e-01,
          -8.31980631e-03, -1.97496399e-01, -1.77410245e-02,
          -1.77338988e-01, -2.18117721e-02, -1.45497680e-01,
          -2.69251913e-02, -8.76120850e-02, -3.16259637e-02,
          -2.31747814e-02, -3.39762382e-02, 1.90664139e-02,
          -3.43307666e-02, 6.42378107e-02, -3.47099006e-02,
          1.13328300e-01, -2.87831686e-02, 1.30828083e-01,
          -2.35062055e-02, 1.49105743e-01, -1.48537792e-02 ]
      children:
         -
            contour: [ 1.16696544e-01, 2.89519294e-03, 1.15348972e-01,
                -9.77872312e-03, 6.61785454e-02, -1.63670927e-02,
                3.55693214e-02, -1.75222382e-02, -7.37861684e-03,
                -1.48243327e-02, -4.67234291e-02, -3.89956101e-03,
                -4.49662581e-02, 1.29010156e-02, -3.73428082e-03,
                1.98771693e-02, 6.97387829e-02, 1.72800478e-02,
                1.00896634e-01, 9.89101827e-03 ]
            relative_position: [ 3.3301504359998457e-02,
                1.1262292768349225e-03 ]
      distance: 2.1557881143355351e-01
