%YAML:1.0
---
template_id: 2
speed_limit: 90
is_relieved: 0
contour_trees:
   -
      contour: [ 2.05055997e-01, 2.22577695e-02, 1.92372352e-01,
          2.89558154e-02, 1.29807413e-01, 3.48170474e-02, 9.47877318e-02,
          3.36533412e-02, 6.15044497e-02, 2.98951790e-02, 1.19598617e-03,
          2.80401316e-02, -9.41909384e-03, 1.86131466e-02,
          -2.21573450e-02, -7.96180032e-03, -4.84302677e-02,
          -5.42353932e-03, -8.10183212e-02, 7.95177330e-05,
          -1.18469134e-01, 8.11228063e-03, -1.79017350e-01,
          1.76879317e-02, -2.15271428e-01, 2.07252149e-02,
          -2.15829819e-01, 1.67680923e-02, -2.06092745e-01,
          1.65839179e-03, -1.62545919e-01, -5.15198195e-03,
          -4.21150140e-02, -2.32765581e-02, 2.26295367e-02,
          -3.07009816e-02, 6.44310787e-02, -3.00061852e-02,
          1.58967510e-01, -2.84348428e-02, 1.85611248e-01,
          -2.49943919e-02, 2.00138703e-01, -1.71438381e-02,
          2.05055997e-01, 2.22577695e-02 ]
      children:
         -
            contour: [ 1.76623210e-01, 8.86686519e-03, 1.74758077e-01,
                -5.95465908e-03, 1.36016503e-01, -1.16075259e-02,
                1.11890204e-01, -1.23677086e-02, 8.87506232e-02,
                -1.30968401e-02, 6.68890253e-02, -1.10971211e-02,
                2.50222981e-02, -1.25198942e-02, 6.28664158e-03,
                -5.55374799e-03, 7.97020551e-03, 7.16486434e-03,
                3.84472907e-02, 1.26978094e-02, 5.94187789e-02,
                1.39011350e-02, 8.12380314e-02, 1.51531454e-02,
                1.51963696e-01, 1.63357761e-02, 1.76623210e-01,
                8.86686519e-03 ]
            relative_position: [ 4.6022569333052266e-02,
                3.3077125358974557e-03 ]
      distance: 1.6146407675234331e-01
   -
      contour: [ 2.05869108e-01, 1.60920415e-02, 1.93205059e-01,
          2.43372805e-02, 1.54168591e-01, 3.03776674e-02, 1.29090115e-01,
          3.13181654e-02, 1.05060302e-01, 3.22193541e-02, 2.76974551e-02,
          3.11684422e-02, -9.88433287e-02, 3.17498595e-02,
          -1.29769802e-01, 3.09359059e-02, -1.58715785e-01,
          3.01740821e-02, -1.86219469e-01, 2.73684021e-02,
          -1.93535119e-01, 2.25426648e-02, -2.00741559e-01,
          1.77889355e-02, -2.09232971e-01, 4.91918949e-03,
          -2.10625499e-01, -3.27245495e-03, -2.05995306e-01,
          -1.31609682e-02, -2.00584099e-01, -1.90435760e-02,
          -1.75877094e-01, -3.06266472e-02, -1.62181839e-01,
          -3.23305689e-02, -7.59657323e-02, -2.95885764e-02,
          2.80025322e-02, -3.15698422e-02, 1.31704509e-01,
          -3.16848420e-02, 1.71046346e-01, -3.07239108e-02,
          1.85220942e-01, -2.73427349e-02, 1.99714631e-01,
          -2.38854829e-02, 2.05869108e-01, 1.60920415e-02 ]
      children:
         -
            contour: [ 1.76643461e-01, 5.38119767e-03, 1.74313232e-01,
                -9.65030864e-03, 8.61350670e-02, -1.33192139e-02,
                -9.01442319e-02, -1.36391241e-02, -1.29648551e-01,
                -1.33350072e-02, -1.65622771e-01, -1.08903563e-02,
                -1.78066403e-01, -3.15097533e-03, -1.76270679e-01,
                7.49119138e-03, -1.69003442e-01, 1.01742614e-02,
                -1.32751435e-01, 1.30902911e-02, -6.88713044e-02,
                1.35119036e-02, 9.05523300e-02, 1.45641025e-02,
                1.26383722e-01, 1.40827429e-02, 1.51420295e-01,
                1.27652381e-02, 1.76643461e-01, 5.38119767e-03 ]
            relative_position: [ -3.2795181227585068e-04,
                2.8380012731515913e-04 ]
      distance: 2.5642874940723892e-01
