%YAML:1.0
---
template_id: 2
speed_limit: 90
is_relieved: 1
contour_trees:
   -
      contour: [ 1.99571609e-01, -7.45251775e-02, 1.56712234e-01,
          -6.29728138e-02, 1.36714160e-01, -5.39018773e-02,
          1.61354944e-01, -3.43717784e-02, 1.41288966e-01,
          -2.56797727e-02, 2.55242549e-02, -1.39822662e-02,
          -8.47184099e-03, -5.14839264e-03, -2.43560616e-02,
          2.26021651e-03, 2.92026773e-02, 8.88805091e-03, 8.58242959e-02,
          9.24078934e-03, 1.06056765e-01, 1.16573004e-02, 1.27391011e-01,
          1.76231675e-02, 1.49301425e-01, 2.37501655e-02, 1.54456884e-01,
          5.55542894e-02, 1.15514264e-01, 7.01611936e-02, 1.60189301e-01,
          9.09176916e-02, 1.82282940e-01, 9.45508331e-02, 1.83447272e-01,
          1.01723678e-01, 1.60762757e-01, 9.44555253e-02, 1.38683081e-01,
          8.73811990e-02, 1.37553081e-01, 8.54006979e-02, 7.69231617e-02,
          7.39581436e-02, 4.83865943e-03, 7.78065324e-02,
          -2.93927770e-02, 7.49175027e-02, -4.61530425e-02,
          7.19833151e-02, -6.30108193e-02, 6.60722554e-02,
          -7.99610689e-02, 5.72875962e-02, -8.33219588e-02,
          3.62261944e-02, -5.35396077e-02, 2.57929880e-02,
          -1.15056843e-01, 2.56093796e-02, -1.56005919e-01,
          3.61509398e-02, -1.80098325e-01, 5.39510250e-02,
          -1.79656655e-01, 5.67372404e-02, -1.52390391e-01,
          5.89193329e-02, -1.50129810e-01, 7.31552243e-02,
          -1.90458819e-01, 7.08467960e-02, -2.41138563e-01,
          6.35746121e-02, -2.95551509e-01, 7.73192346e-02,
          -3.06993425e-01, 7.24222958e-02, -2.53692925e-01,
          5.85721955e-02, -2.31283545e-01, 4.99666482e-02,
          -2.34238252e-01, 3.12615745e-02, -2.22935960e-01,
          2.52873991e-02, -2.10969329e-01, 2.19164900e-02,
          -1.98316544e-01, 2.12301277e-02, -1.73091680e-01,
          1.41858673e-02, -1.17397606e-01, 1.09109906e-02,
          -5.84599562e-02, -4.97512193e-03, -7.51608908e-02,
          -9.98677034e-03, -1.21609226e-01, -1.55344112e-02,
          -2.18299836e-01, -2.44106129e-02, -2.31890321e-01,
          -3.13506313e-02, -2.34872624e-01, -5.02146669e-02,
          -1.98182836e-01, -6.01411089e-02, -1.86470896e-01,
          -7.01446459e-02, -2.00825617e-01, -7.68140703e-02,
          -2.27344885e-01, -8.15746188e-02, -2.79678017e-01,
          -1.06192246e-01, -2.81736404e-01, -1.19243816e-01,
          -2.56992280e-01, -1.12782389e-01, -2.42535964e-01,
          -9.86870676e-02, -1.72704995e-01, -6.90081269e-02,
          -1.44258678e-01, -6.66595846e-02, -1.00103989e-01,
          -6.89380094e-02, -1.92052349e-02, -7.20426589e-02,
          5.36915511e-02, -7.01275617e-02, 1.34999394e-01,
          -6.44807741e-02, 1.54971913e-01, -7.36936629e-02,
          1.98375642e-01, -8.18709955e-02 ]
      children:
         -
            contour: [ -1.37792349e-01, -2.60157045e-02, -1.24883249e-01,
                -3.60926688e-02, -1.39640406e-01, -3.76318730e-02,
                -1.41026199e-01, -3.93420860e-02, -1.55899987e-01,
                -5.06232157e-02, -1.95979804e-01, -4.62424010e-02,
                -1.93776056e-01, -3.23395506e-02 ]
            relative_position: [ -1.6298687755492614e-01,
                -3.8359087642654582e-02 ]
         -
            contour: [ 7.42181465e-02, 5.71810417e-02, 3.34086865e-02,
                3.50393280e-02, 1.50594953e-02, 3.24531719e-02,
                -3.35520040e-03, 2.67398506e-02, -5.15706167e-02,
                3.81059311e-02, -4.96010482e-02, 5.04221208e-02,
                -3.23868506e-02, 5.62158301e-02, 2.27706553e-03,
                6.18421882e-02 ]
            relative_position: [ 4.3986710586936262e-03,
                4.6256271644612754e-02 ]
         -
            contour: [ 9.60560068e-02, -5.02079464e-02, 9.49456170e-02,
                -5.70767820e-02, 3.62417400e-02, -6.15389496e-02,
                -1.76728778e-02, -6.24922179e-02, -5.13207130e-02,
                -6.20539710e-02, -8.34115222e-02, -6.16359934e-02,
                -1.41949922e-01, -5.21479920e-02, -1.41026199e-01,
                -4.63420860e-02, -1.25350758e-01, -3.90288346e-02,
                -1.09318227e-01, -3.15489769e-02, -9.33957249e-02,
                -2.69008484e-02, -4.48487513e-02, -2.16270704e-02,
                6.24524476e-03, -2.24158186e-02, 4.10319716e-02,
                -3.17922607e-02 ]
            relative_position: [ -2.6090694929250535e-02,
                -4.4157844679021341e-02 ]
         -
            contour: [ 9.24036205e-02, 4.99943830e-02, 1.09393373e-01,
                3.22973356e-02, 5.00884019e-02, 2.44479124e-02,
                5.16876765e-02, 3.43797281e-02, 5.27541451e-02,
                4.10020873e-02, 7.20547289e-02, 4.37637419e-02 ]
            relative_position: [ 7.7566769732324792e-02,
                3.6286025960269849e-02 ]
      distance: 2.4284228709126993e-01
