%YAML:1.0
#Bagfile: contours_2018-01-12-12-46-46.bag
---
template_id: 1
type: 1
contour_trees:
   -
      contour: [ 2.18874082e-01, -1.65667944e-02, 1.47180155e-01,
          -1.20344665e-02, 1.40956134e-01, -5.79906395e-03,
          1.37139633e-01, 4.24170541e-03, 1.22901760e-01, 1.22885462e-02,
          1.05788946e-01, 1.43979685e-02, 2.38903854e-02, 1.69935431e-02,
          -6.59630150e-02, 1.93549339e-02, -1.76981375e-01,
          2.15079300e-02, -2.14510053e-01, 2.16961503e-02,
          -2.32001588e-01, 2.17839014e-02, -2.35809639e-01,
          1.52663505e-02, -2.34596923e-01, 9.96481813e-03,
          -2.33370528e-01, 4.60336171e-03, -2.30580911e-01,
          1.83175900e-03, -2.17287138e-01, 1.41505280e-03,
          -2.11958408e-01, 2.62956275e-03, -1.62589401e-01,
          2.63635931e-03, -4.74655926e-02, 6.08759234e-03,
          1.77293476e-02, 6.50578830e-03, 8.26600716e-02, 5.27466787e-03,
          1.13847226e-01, -3.09207989e-03, 1.16265111e-01,
          -1.49616869e-02, 9.68825966e-02, -1.61971133e-02,
          6.21513091e-02, -1.48599036e-02, 9.91409197e-02,
          -2.80732308e-02, 1.21222846e-01, -3.92993726e-02,
          1.38155609e-01, -4.44356874e-02, 1.65305033e-01,
          -3.34374346e-02, 1.92216292e-01, -2.41165552e-02 ]
      children:
         []
      distance: 1.4424731411157221e-01
