%YAML:1.0
---
template_id: 1
type: 0
contour_trees:
   -
      contour: [ 1.72267228e-01, 3.30308080e-02, 1.43169433e-01,
          3.91181856e-02, 1.15418941e-01, 3.91362049e-02, 1.55040212e-02,
          1.77486222e-02, 1.02466993e-01, 1.03570130e-02, 1.02564730e-01,
          4.59000980e-03, 8.95151868e-02, -3.60994227e-03,
          6.40112460e-02, -8.32337420e-03, -6.00520968e-02,
          -3.46961035e-03, -2.16878727e-01, 6.98830420e-03,
          -2.79762536e-01, 7.14502390e-03, -2.79789746e-01,
          -1.71055216e-02, -2.24258825e-01, -2.06643082e-02,
          4.54498874e-03, -2.19875816e-02, 7.69456550e-02,
          -2.58054808e-02, 1.03054523e-01, -2.42922958e-02,
          1.16495490e-01, -2.20506601e-02, 1.30166620e-01,
          -1.68094058e-02, 1.44125730e-01, -1.14577152e-02,
          1.43956706e-01, -2.51495698e-03, 1.72698557e-01,
          1.17633147e-02, 2.51193911e-01, 1.01147629e-02 ]
      children:
         []
      distance: 0.2

