%YAML:1.0
---
template_id: 2
speed_limit: 50
is_relieved: 0
contour_trees:
   -
      contour: [ 2.13417768e-01, -3.17498855e-02, 2.12720513e-01,
          -4.82403487e-03, 2.04807714e-01, -1.35471136e-03,
          2.11314797e-01, 1.92756839e-02, 1.54552653e-01, 2.55908035e-02,
          9.60537568e-02, 2.79172529e-02, 1.47816129e-02, 2.97576617e-02,
          -1.34315318e-03, 3.17906551e-02, -4.25150758e-03,
          2.28197481e-02, 2.55641509e-02, 8.89676716e-03, 3.00807096e-02,
          4.25108150e-03, 2.58114859e-02, -8.98436178e-03,
          1.88995898e-02, -1.17488494e-02, 1.20860506e-02,
          -1.44740101e-02, -6.42186133e-05, -1.61311533e-02,
          -6.59194600e-04, -1.79702658e-02, -6.60233712e-03,
          -1.87684521e-02, -4.00057137e-02, -2.15786826e-02,
          -5.54311424e-02, -2.20411550e-02, -8.39687809e-02,
          -2.12612692e-02, -9.71662998e-02, -2.00831406e-02,
          -1.09875098e-01, -1.89486612e-02, -1.43838301e-01,
          -1.12656038e-02, -1.53888211e-01, -7.40217371e-03,
          -1.62634879e-01, -7.62811513e-04, -1.65006503e-01,
          2.84512294e-03, -1.61665156e-01, 1.29568046e-02,
          -1.57356590e-01, 1.52173815e-02, -1.53000012e-01,
          1.75031703e-02, -1.24587044e-01, 2.36155801e-02,
          -1.12191245e-01, 2.48451307e-02, -9.12074819e-02,
          2.48698890e-02, -8.91176984e-02, 3.12460214e-02,
          -9.27025378e-02, 3.34188715e-02, -9.11449566e-02,
          3.81685384e-02, -1.07112505e-01, 4.03009467e-02,
          -1.31143883e-01, 3.88410725e-02, -1.42786041e-01,
          3.74157168e-02, -1.54037997e-01, 3.60381156e-02,
          -1.76371306e-01, 3.06273177e-02, -1.83955997e-01,
          2.75203455e-02, -1.87916100e-01, 2.53048539e-02,
          -1.91834852e-01, 2.31124740e-02, -1.96164072e-01,
          1.95835754e-02, -2.00449109e-01, 1.60907526e-02,
          -2.04493389e-01, 3.91131314e-03, -2.02937976e-01,
          -8.23638635e-04, -1.95872203e-01, -8.42084549e-03,
          -1.93311334e-01, -1.05449185e-02, -1.90258577e-01,
          -1.12925926e-02, -1.84989050e-01, -1.56434625e-02,
          -1.75908878e-01, -1.94749683e-02, -1.34270355e-01,
          -3.00096795e-02, -1.18504055e-01, -3.22849229e-02,
          -1.06029347e-01, -3.36631015e-02, -8.39835331e-02,
          -3.55239287e-02, -7.46519417e-02, -3.59651186e-02,
          -3.96940298e-02, -3.67210358e-02, -1.77540407e-02,
          -3.58891301e-02, 2.48323232e-02, -3.09737474e-02,
          4.50836420e-02, -2.67568417e-02, 5.24591058e-02,
          -2.39979457e-02, 6.05817996e-02, -1.92167517e-02,
          6.88267499e-02, -1.43635748e-02, 7.26642311e-02,
          -2.39958428e-03, 6.82036877e-02, 4.52581141e-03,
          5.94919063e-02, 1.80516150e-02, 7.90517703e-02, 1.75146926e-02,
          1.06369615e-01, 1.60743408e-02, 1.42903700e-01, 1.36042871e-02,
          1.65207684e-01, 8.50993954e-03, 1.68923363e-01,
          -5.79891074e-03, 1.67037606e-01, -3.82896811e-02,
          1.92486763e-01, -4.04174998e-02, 2.11206734e-01,
          -3.87763418e-02, 2.13417768e-01, -3.17498855e-02 ]
      children:
         []
      distance: 1.7384963058174280e-01
   -
      contour: [ 2.10195944e-01, 8.22677370e-03, 2.02363580e-01,
          1.46642253e-02, 1.85994908e-01, 2.24255398e-02, 1.61422610e-01,
          2.89198905e-02, 1.21814162e-01, 3.30992714e-02, 9.94016007e-02,
          3.45770903e-02, 5.08309081e-02, 3.63945216e-02, 1.12953433e-03,
          3.71438675e-02, -3.80583331e-02, 3.68153080e-02,
          -9.27997082e-02, 3.51430140e-02, -1.11020267e-01,
          3.38377990e-02, -1.28348947e-01, 3.25964689e-02,
          -1.76742285e-01, 2.46854722e-02, -1.88203156e-01,
          2.13895440e-02, -2.00030342e-01, 1.52818263e-02,
          -2.04257265e-01, 1.18374657e-02, -2.08439142e-01,
          8.42979643e-03, -2.11385712e-01, -3.13611329e-03,
          -2.09069371e-01, -7.06071174e-03, -2.00831637e-01,
          -1.46641238e-02, -1.91543505e-01, -1.95193496e-02,
          -1.84914097e-01, -2.18345337e-02, -1.67252123e-01,
          -2.62949746e-02, -1.55980214e-01, -2.84618642e-02,
          -1.23258211e-01, -3.24054174e-02, -9.15554911e-02,
          -3.53210978e-02, -7.69212693e-02, -3.61430161e-02,
          -1.14414208e-02, -3.78422923e-02, 2.60814670e-02,
          -3.77889574e-02, 1.29999578e-01, -3.23075056e-02,
          1.65014401e-01, -2.81232577e-02, 2.04360113e-01,
          -1.62720662e-02, 2.10195944e-01, 8.22677370e-03 ]
      children:
         -
            contour: [ 1.72379717e-01, 2.61021382e-03, 1.70115367e-01,
                -6.83829095e-03, 1.60109326e-01, -1.21979564e-02,
                1.50832891e-01, -1.51425730e-02, 1.16905853e-01,
                -1.96912419e-02, 1.01052821e-01, -2.07484625e-02,
                4.99961004e-02, -2.21005213e-02, 1.05731050e-02,
                -2.28616726e-02, -1.36342766e-02, -2.26872321e-02,
                -3.64690498e-02, -2.25226879e-02, -8.80472288e-02,
                -2.12718081e-02, -1.11143939e-01, -1.98570807e-02,
                -1.19888753e-01, -1.89808458e-02, -1.28414512e-01,
                -1.81265604e-02, -1.40605479e-01, -1.60717852e-02,
                -1.62892252e-01, -9.04770661e-03, -1.69187620e-01,
                -3.72045161e-03, -1.71889931e-01, 4.34436835e-04,
                -1.71110809e-01, 3.51085770e-03, -1.67229459e-01,
                4.01669042e-03, -1.66055083e-01, 8.65669455e-03,
                -1.61728710e-01, 1.07508479e-02, -1.53321102e-01,
                1.34395100e-02, -1.10221423e-01, 1.95356570e-02,
                -8.70011225e-02, 2.11547352e-02, -2.53159776e-02,
                2.25110222e-02, 2.18186341e-02, 2.28891056e-02,
                1.03397623e-01, 2.02761907e-02, 1.26114875e-01,
                1.84207018e-02, 1.49466828e-01, 1.41708124e-02,
                1.72379717e-01, 2.61021382e-03 ]
            relative_position: [ 2.1305505718716145e-04,
                -1.1182488499383858e-04 ]
      distance: 2.7960215863921695e-01
