%YAML:1.0
---
template_id: 2
speed_limit: 30
is_relieved: 0
contour_trees:
   -
      contour: [ 1.99004963e-01, 1.84692498e-02, 1.75182045e-01,
          2.79634967e-02, 1.55608594e-01, 3.25642899e-02, 1.36473536e-01,
          3.70621160e-02, 1.23178825e-01, 3.46034057e-02, 1.06596507e-01,
          3.67206968e-02, 1.00960001e-01, 2.53626499e-02, 1.47444367e-01,
          2.31871624e-02, 1.68569505e-01, 1.61880013e-02, 1.72276482e-01,
          1.15043614e-02, 1.62095070e-01, 4.65824222e-03, 1.55754209e-01,
          -6.63352478e-03, 1.29266977e-01, -1.05358129e-02,
          1.02140553e-01, -1.20756449e-02, 6.09835535e-02,
          -1.10674854e-02, 4.61563691e-02, -8.63223244e-03,
          2.79457755e-02, 1.45779923e-02, 2.80186394e-03, 1.47071062e-02,
          -2.99428892e-03, 6.58143871e-03, -2.59814803e-02,
          -8.93705338e-03, -6.47163689e-02, -1.55256167e-02,
          -8.59925300e-02, -1.48696639e-02, -1.26341313e-01,
          -1.36256730e-02, -1.37397960e-01, -1.15217213e-02,
          -1.48265094e-01, -9.45380982e-03, -1.60322666e-01,
          -5.64612402e-03, -1.67194679e-01, 3.22394841e-03,
          -1.53163806e-01, 2.09355429e-02, -1.28280386e-01,
          2.65204590e-02, -9.90741998e-02, 2.85801943e-02,
          -1.00514732e-01, 4.40854169e-02, -1.29921615e-01,
          4.15955856e-02, -1.48192838e-01, 3.93932909e-02,
          -1.80124342e-01, 3.16451825e-02, -2.09202915e-01,
          1.23815993e-02, -2.09748000e-01, 2.24578241e-03,
          -2.03170225e-01, -6.26745075e-03, -1.95940956e-01,
          -4.77356883e-03, -1.87973246e-01, -1.50803356e-02,
          -1.76537097e-01, -1.88439209e-02, -1.66260645e-01,
          -2.09229216e-02, -1.55810922e-01, -2.30369996e-02,
          -1.24780118e-01, -2.77895108e-02, -1.15020812e-01,
          -2.82123070e-02, -1.05091512e-01, -2.86424998e-02,
          -6.50661215e-02, -2.85338163e-02, -4.47093733e-02,
          -2.75056623e-02, -1.50773199e-02, -2.28970367e-02,
          1.14462776e-02, -1.18659344e-02, 3.65453362e-02,
          -1.25206662e-02, 4.14677747e-02, -1.87993497e-02,
          7.10446909e-02, -2.38806382e-02, 8.62912908e-02,
          -2.64999326e-02, 1.26958907e-01, -2.57802997e-02,
          1.66641578e-01, -2.04157121e-02, 2.03333169e-01,
          -7.57120270e-03, 1.97695196e-01, -4.54518566e-04,
          2.08502606e-01, 6.49249554e-03, 1.99004963e-01, 1.84692498e-02 ]
      children:
         []
      distance: 2.1009246410046142e-01
   -
      contour: [ 1.95166484e-01, 2.01621316e-02, 1.58812568e-01,
          2.88227256e-02, 1.27463430e-01, 3.26878428e-02, 3.30130458e-02,
          3.78064103e-02, -2.08163494e-03, 3.77880335e-02,
          -4.49022874e-02, 3.64770256e-02, -1.03608653e-01,
          3.46796438e-02, -1.46066144e-01, 3.06815729e-02,
          -1.53874174e-01, 2.95724217e-02, -1.60227850e-01,
          2.67515816e-02, -1.75248012e-01, 2.46483944e-02,
          -1.88513681e-01, 2.09349114e-02, -2.00108662e-01,
          1.56843066e-02, -2.08866313e-01, 7.33754830e-03,
          -2.11912900e-01, 1.64091284e-03, -1.98311880e-01,
          -1.61475018e-02, -1.87677830e-01, -2.03613769e-02,
          -1.78134501e-01, -2.29971576e-02, -1.68440849e-01,
          -2.56744809e-02, -1.49879172e-01, -2.94732004e-02,
          -1.32030100e-01, -3.16830687e-02, -1.04152374e-01,
          -3.51346172e-02, -7.62446299e-02, -3.69623117e-02,
          -7.75728142e-03, -3.84228192e-02, 4.48782779e-02,
          -3.72966081e-02, 1.37433067e-01, -3.18007171e-02,
          1.61223978e-01, -2.80809104e-02, 1.84245691e-01,
          -2.19562594e-02, 2.04641804e-01, -1.09800985e-02,
          2.13343710e-01, -2.99884286e-03, 1.95166484e-01,
          2.01621316e-02 ]
      children:
         -
            contour: [ 1.56121522e-01, 1.39753660e-02, 1.68413982e-01,
                -1.72947475e-03, 1.49174780e-01, -1.26604997e-02,
                1.25642061e-01, -1.66859366e-02, 4.47258987e-02,
                -2.25301981e-02, 1.16956709e-02, -2.28449330e-02,
                -1.95672549e-02, -2.31428239e-02, -7.87248760e-02,
                -2.18816977e-02, -1.06781639e-01, -2.04148572e-02,
                -1.43839985e-01, -1.62897836e-02, -1.54034913e-01,
                -1.36043848e-02, -1.64066851e-01, -1.09619247e-02,
                -1.73082277e-01, 8.00887763e-04, -1.63484424e-01,
                9.31542367e-03, -1.50923386e-01, 1.46364598e-02,
                -9.37116295e-02, 2.18432546e-02, -6.55828938e-02,
                2.33201999e-02, -4.54944335e-02, 2.37099882e-02,
                -2.46701464e-02, 2.41140500e-02, 3.16830501e-02,
                2.41691284e-02, 7.01401383e-02, 2.16764007e-02,
                1.39595479e-01, 1.71744544e-02, 1.56121522e-01,
                1.39753660e-02 ]
            relative_position: [ -3.7436164165862706e-03,
                2.4199624211540538e-04 ]
      distance: 2.9156991360050366e-01
