%YAML:1.0
---
template_id: 1
type: 1
contour_trees:
   -
      contour: [ 2.59288102e-01, 5.65680070e-03, 1.78060338e-01,
          -1.30894140e-03, 1.58992365e-01, 1.45375403e-03,
          1.48997188e-01, 7.71182775e-03, 1.38471976e-01, 1.87187772e-02,
          1.29208803e-01, 2.22897474e-02, 9.51522738e-02, 2.66444869e-02,
          4.92780730e-02, 2.60059461e-02, -1.11324061e-02,
          2.20746119e-02, -5.82967885e-02, 1.96569320e-02,
          -7.45682567e-02, 1.85841527e-02, -1.24050207e-01,
          1.47262644e-02, -1.54704377e-01, 1.04549155e-02,
          -2.05428585e-01, 6.80135144e-03, -2.58371562e-01,
          4.54277685e-03, -2.67095864e-01, 2.57820240e-03,
          -2.70127296e-01, 3.33727966e-03, -2.75731504e-01,
          2.06039753e-03, -2.71725535e-01, -2.84625757e-02,
          -2.26237506e-01, -2.07440779e-02, -1.76064491e-01,
          -1.39014591e-02, -1.38707310e-01, -1.11956270e-02,
          -6.12919182e-02, 1.33072585e-03, 3.43763689e-03,
          9.66576394e-03, 5.11875749e-02, 1.27429776e-02, 8.83495733e-02,
          1.84638929e-02, 1.04811430e-01, 1.61987301e-02, 1.13609679e-01,
          1.26671717e-02, 1.08243465e-01, -7.29613192e-03,
          4.09162231e-02, -1.55526083e-02, 4.85384613e-02,
          -1.90923214e-02, 7.15379119e-02, -2.55638883e-02,
          1.03984043e-01, -3.39468382e-02, 1.47096753e-01,
          -3.97957414e-02, 2.00184181e-01, -1.96569506e-02,
          1.99798182e-01, -1.70759968e-02, 2.59288102e-01,
          5.65680070e-03 ]
      children:
         []
      distance: 2.0604798047296080e-01
