%YAML:1.0
---
template_id: 1
type: 0
contour_trees:
   -
      contour: [ 2.57144749e-01, 3.05491802e-03, 2.23937199e-01,
          1.21906521e-02, 2.00944275e-01, 2.55000740e-02, 1.60574064e-01,
          3.85914259e-02, 1.59964934e-01, 4.10001986e-02, 1.41781792e-01,
          4.35996577e-02, 6.85043037e-02, 2.05548704e-02, 4.80969921e-02,
          1.71138309e-02, 4.91517186e-02, 1.28655797e-02, 7.06726760e-02,
          1.18504753e-02, 7.86310360e-02, 9.30585619e-03, 1.09563969e-01,
          7.77257420e-03, 1.27579555e-01, 3.37848614e-05, 1.21655516e-01,
          -8.66818521e-03, 1.15258701e-01, -1.49525888e-02,
          1.00540660e-01, -1.82628985e-02, 5.60160056e-02,
          -1.47825498e-02, -1.58729590e-02, -7.24473596e-03,
          -4.55454439e-02, -1.29358296e-03, -1.35148287e-01,
          1.00005791e-02, -2.02243894e-01, 1.57747827e-02,
          -2.23498985e-01, 1.99577324e-02, -2.42722929e-01,
          2.10487004e-02, -2.72804320e-01, 2.54010130e-02,
          -2.75897145e-01, 2.68789679e-02, -2.84062654e-01,
          2.72836965e-02, -2.83444226e-01, 2.46561151e-02,
          -2.85808086e-01, 2.34938171e-02, -2.84269631e-01,
          1.69542581e-02, -2.86618650e-01, 1.58346985e-02,
          -2.87421763e-01, 8.24572612e-03, -2.88217545e-01,
          7.25933351e-04, -2.84678072e-01, -3.42699117e-03,
          -2.65526682e-01, -5.46496361e-03, -2.62997985e-01,
          -4.41754237e-03, -2.36359626e-01, -5.80960605e-03,
          -1.96481287e-01, -8.39120150e-03, -1.24685317e-01,
          -1.55266086e-02, -6.74093515e-02, -1.94391608e-02,
          -2.43151709e-02, -1.98531710e-02, 5.91892190e-02,
          -2.75634304e-02, 8.79518539e-02, -2.80680340e-02,
          1.10661730e-01, -2.79044993e-02, 1.33391351e-01,
          -2.31005847e-02, 1.48615792e-01, -1.74018387e-02,
          1.56129465e-01, -1.32893156e-02, 1.62565812e-01,
          -4.31253575e-03, 1.79481328e-01, -5.07991470e-04,
          2.70026684e-01, -5.42992214e-03, 2.57144749e-01,
          3.05491802e-03 ]
      children:
         []
      distance: 2.4633401202629063e-01
