%YAML:1.0
---
template_id: 2
speed_limit: 30
is_relieved: 1
contour_trees:
   -
      contour: [ 2.40350619e-01, -9.63745639e-02, 2.07615897e-01,
          -7.89343640e-02, 1.90840691e-01, -7.38469958e-02,
          1.60584211e-01, -5.76302297e-02, 1.97086722e-01,
          -5.40900305e-02, 2.19182312e-01, -4.22618315e-02,
          2.23379821e-01, -2.89532188e-02, 2.08511800e-01,
          -1.79504640e-02, 1.75847232e-01, -9.56763607e-03,
          1.43772811e-01, -4.71136812e-03, 8.02282691e-02,
          -7.57698948e-03, 3.76430154e-02, -5.24113420e-03,
          1.44434227e-02, 7.49206264e-03, 3.14383656e-02, 1.82609819e-02,
          1.17110200e-01, 1.20940814e-02, 1.68149337e-01, 1.97089408e-02,
          1.87002629e-01, 2.55599953e-02, 2.07337409e-01, 3.47800143e-02,
          2.11424127e-01, 4.76776436e-02, 1.98126391e-01, 6.05880506e-02,
          1.67583093e-01, 6.99461848e-02, 1.57265052e-01, 8.82348120e-02,
          1.76474899e-01, 9.78267640e-02, 2.12238386e-01, 1.05025850e-01,
          2.03100190e-01, 1.29529476e-01, 1.83376804e-01, 1.19468167e-01,
          1.29729345e-01, 9.95973200e-02, 7.58671835e-02, 6.94607049e-02,
          5.43570295e-02, 4.64718230e-02, 3.97112779e-02, 4.38134037e-02,
          2.62890551e-02, 4.40177172e-02, 1.40557149e-02, 4.69927974e-02,
          -1.14045804e-02, 4.73219790e-02, -1.67199429e-02,
          3.10112126e-02, -5.19685522e-02, 3.46144028e-02,
          -1.16912179e-01, 7.08906204e-02, -1.59719527e-01,
          8.92540365e-02, -1.97270960e-01, 1.10474244e-01,
          -2.05128387e-01, 1.12280503e-01, -2.18982324e-01,
          1.20154612e-01, -2.32254386e-01, 1.04556918e-01,
          -2.18739823e-01, 9.64741260e-02, -1.96056500e-01,
          8.83274749e-02, -1.66726813e-01, 6.81764632e-02,
          -1.85876146e-01, 6.57766461e-02, -2.05871612e-01,
          5.89334927e-02, -2.15988874e-01, 5.44769503e-02,
          -2.27426320e-01, 4.56415452e-02, -2.31154382e-01,
          3.44999656e-02, -2.25003749e-01, 2.75077093e-02,
          -2.10837498e-01, 1.77247003e-02, -1.94597736e-01,
          1.22504616e-02, -1.76967859e-01, 8.95065442e-03,
          -1.58677071e-01, 5.52714197e-03, -1.07711524e-01,
          2.73162522e-03, -8.42011198e-02, 6.71648420e-03,
          -4.97600920e-02, 4.99003846e-03, -4.13264595e-02,
          -6.40556915e-03, -5.50001562e-02, -1.10408058e-02,
          -9.18608382e-02, -1.66156664e-02, -1.36091858e-01,
          -1.85614601e-02, -1.68315351e-01, -2.35664044e-02,
          -1.89615190e-01, -2.91355904e-02, -2.00372279e-01,
          -3.30270454e-02, -2.10939765e-01, -3.68498862e-02,
          -2.17182338e-01, -5.56061231e-02, -2.02301577e-01,
          -6.73393086e-02, -1.77274883e-01, -8.08638483e-02,
          -1.90084621e-01, -8.92778113e-02, -2.22429767e-01,
          -9.93745625e-02, -2.25590453e-01, -1.08881809e-01,
          -2.10699052e-01, -1.21759176e-01, -1.98986709e-01,
          -1.16149224e-01, -1.87059954e-01, -1.10436507e-01,
          -1.82979986e-01, -9.81060192e-02, -1.69979349e-01,
          -8.96899402e-02, -1.57566994e-01, -8.36275592e-02,
          -1.44921094e-01, -7.74510577e-02, -1.11501552e-01,
          -7.64427483e-02, -4.01115902e-02, -7.97806308e-02,
          1.43126026e-02, -7.74250701e-02, 9.16933641e-02,
          -6.72786832e-02, 1.08062126e-01, -6.57261387e-02,
          1.70363471e-01, -8.19077641e-02, 2.01292485e-01,
          -9.89833474e-02, 2.36040965e-01, -1.10105716e-01,
          2.40350619e-01, -9.63745639e-02 ]
      children:
         -
            contour: [ -1.30756766e-01, -3.44799198e-02, -1.25310555e-01,
                -5.07300310e-02, -1.38249382e-01, -5.72108030e-02,
                -1.49293959e-01, -5.85617051e-02, -1.75558925e-01,
                -4.54315394e-02, -1.63452461e-01, -3.90895531e-02,
                -1.51940987e-01, -3.51060554e-02, -1.41862571e-01,
                -3.60456631e-02, -1.30756766e-01, -3.44799198e-02 ]
            relative_position: [ -1.4875285547085226e-01,
                -2.8464529144934969e-02 ]
         -
            contour: [ -5.71505800e-02, 1.87843945e-02, -7.99519569e-02,
                1.96598023e-02, -8.08014795e-02, 1.70722362e-02,
                -1.44017547e-01, 1.96471233e-02, -1.62738621e-01,
                2.28382070e-02, -1.87613800e-01, 3.32339332e-02,
                -1.93555936e-01, 4.27277647e-02, -1.81415841e-01,
                5.18560484e-02, -1.70624942e-01, 5.64511232e-02,
                -1.51628003e-01, 5.63358888e-02, -1.50835574e-01,
                5.87251335e-02, -1.31917477e-01, 5.62163442e-02,
                -1.13909565e-01, 4.86471094e-02, -8.59654248e-02,
                3.54454108e-02, -5.71505800e-02, 1.87843945e-02 ]
            relative_position: [ -1.2751265689404145e-01,
                5.1748888865847220e-02 ]
         -
            contour: [ 1.10041969e-01, -5.95307499e-02, 9.36543718e-02,
                -6.11550324e-02, 6.19965754e-02, -6.42927885e-02,
                -2.30728053e-02, -6.73023462e-02, -7.33940527e-02,
                -6.73127547e-02, -9.61750597e-02, -6.46861494e-02,
                -1.02096334e-01, -4.77937609e-02, -8.75583887e-02,
                -3.84023339e-02, -7.36043677e-02, -3.14780287e-02,
                -5.84973283e-02, -2.17395741e-02, -2.03054063e-02,
                -1.89078785e-02, 4.49396148e-02, -2.63982266e-02,
                6.96831942e-02, -4.03807685e-02, 8.34647119e-02,
                -4.45986949e-02, 1.10041969e-01, -5.95307499e-02 ]
            relative_position: [ -9.6317513412800260e-03,
                -4.2376931392054618e-02 ]
         -
            contour: [ 1.60653204e-01, 4.82176766e-02, 1.55695975e-01,
                3.26738022e-02, 1.37657344e-01, 2.68803630e-02,
                7.70742893e-02, 2.85014361e-02, 6.74561188e-02,
                4.33910415e-02, 8.46314654e-02, 5.19670546e-02,
                1.01234622e-01, 5.77708036e-02, 1.31699890e-01,
                5.76554537e-02, 1.60653204e-01, 4.82176766e-02 ]
            relative_position: [ 1.2097397067706783e-01,
                3.3176251456233319e-02 ]
         -
            contour: [ 1.85811594e-01, -3.31541337e-02, 1.81698039e-01,
                -4.61363755e-02, 1.46020085e-01, -4.98242080e-02,
                1.15975834e-01, -4.09632586e-02, 8.83091465e-02,
                -2.94995625e-02, 7.63969347e-02, -1.94955803e-02,
                9.21805426e-02, -1.74335279e-02, 1.55087933e-01,
                -2.13315859e-02, 1.85811594e-01, -3.31541337e-02 ]
            relative_position: [ 1.3454351735548120e-01,
                -4.2810369560189188e-02 ]
      distance: 2.5683919411560879e-01
