%YAML:1.0
#fabi_speed_markers_2018-02-13-10-01-24
---
template_id: 2
speed_limit: 20
is_relieved: 1
contour_trees:
   -
      contour: [ 2.31256425e-01, 1.33074626e-01, 2.12543964e-01,
          1.28041059e-01, 1.94559887e-01, 1.20727837e-01, 1.94595799e-01,
          1.18262105e-01, 1.68836117e-01, 1.07854061e-01, 1.52531117e-01,
          9.41560119e-02, 1.36725679e-01, 8.55652317e-02, 1.06535338e-01,
          8.04311708e-02, 8.51271078e-02, 8.06183219e-02, 5.82440346e-02,
          7.59254023e-02, 6.50942996e-02, 5.95108047e-02, 7.17690587e-02,
          5.99964969e-02, 8.55519027e-02, 5.44520915e-02, 7.87286460e-02,
          4.96798344e-02, 5.88062406e-02, 4.21488732e-02, 3.97062935e-02,
          4.11508642e-02, 2.14023627e-02, 4.42269035e-02, 3.90724279e-03,
          4.71670181e-02, -1.82628296e-02, 5.15288189e-02,
          -3.92335169e-02, 5.75088523e-02, -6.37966767e-02,
          6.09352440e-02, -7.77971521e-02, 6.49982691e-02,
          -9.13210139e-02, 7.23621994e-02, -1.40506104e-01,
          9.59668234e-02, -1.51734903e-01, 1.02136977e-01,
          -1.69647366e-01, 1.14506423e-01, -1.79883033e-01,
          1.20088346e-01, -1.89719543e-01, 1.22520722e-01,
          -1.99115366e-01, 1.19041182e-01, -1.99085444e-01,
          1.17583208e-01, -2.05140412e-01, 1.13419279e-01,
          -2.08059624e-01, 1.08502671e-01, -2.01950282e-01,
          1.06791355e-01, -1.92413867e-01, 9.82607305e-02,
          -1.72555402e-01, 8.94691721e-02, -1.69062078e-01,
          8.53925645e-02, -1.54901937e-01, 7.95824379e-02,
          -1.51234463e-01, 7.69049078e-02, -1.61893427e-01,
          7.40012750e-02, -1.65405497e-01, 7.51090050e-02,
          -1.88722074e-01, 7.36380443e-02, -2.07347900e-01,
          7.41023645e-02, -2.16189280e-01, 7.29135945e-02,
          -2.18313962e-01, 3.60821895e-02, -2.15015978e-01,
          1.65672787e-02, -1.96991473e-01, 1.56853832e-02,
          -1.64233208e-01, 1.66420452e-02, -1.57254040e-01,
          1.84019748e-02, -1.50703147e-01, 5.01170531e-02,
          -1.43328816e-01, 4.91328388e-02, -1.11984663e-01,
          4.49495167e-02, -9.07323584e-02, 4.12514806e-02,
          -7.73023218e-02, 3.85633931e-02, -6.80280700e-02,
          3.55215035e-02, -5.84365614e-02, 2.87795383e-02,
          -4.35217917e-02, 1.64736882e-02, -3.33231352e-02,
          1.29746823e-02, -1.18750976e-02, -3.94892413e-03,
          -1.72067154e-02, -7.74823921e-03, -3.28502581e-02,
          -1.32145137e-02, -8.08300376e-02, -1.41551774e-02,
          -1.38362482e-01, -1.30417654e-02, -1.56603023e-01,
          -1.42418938e-02, -1.67033106e-01, -1.55397188e-02,
          -1.73779115e-01, -1.68835931e-02, -1.80373713e-01,
          -1.81973018e-02, -1.89977676e-01, -2.08474007e-02,
          -2.02259079e-01, -2.61618458e-02, -2.08173111e-01,
          -3.01542040e-02, -2.11068124e-01, -3.28248404e-02,
          -2.13932425e-01, -3.54670770e-02, -2.16737196e-01,
          -3.94790694e-02, -2.16533050e-01, -4.92613167e-02,
          -2.13552117e-01, -5.37298396e-02, -2.10569292e-01,
          -5.68334237e-02, -1.98436439e-01, -6.38134107e-02,
          -1.92201450e-01, -6.59598187e-02, -1.82604402e-01,
          -6.85278475e-02, -1.29509136e-01, -7.63028786e-02,
          -1.37010604e-01, -8.17872211e-02, -1.58587739e-01,
          -9.13085341e-02, -1.81820512e-01, -1.07037269e-01,
          -2.00305551e-01, -1.20796166e-01, -2.00216874e-01,
          -1.25091240e-01, -1.90768450e-01, -1.35857522e-01,
          -1.84416816e-01, -1.37349561e-01, -1.77983582e-01,
          -1.35900587e-01, -1.71465054e-01, -1.31410256e-01,
          -1.61403745e-01, -1.24479480e-01, -1.54561162e-01,
          -1.16625860e-01, -1.43896058e-01, -1.09222867e-01,
          -1.13429539e-01, -9.14322361e-02, -9.27624628e-02,
          -8.06607082e-02, -8.41101930e-02, -7.65010938e-02,
          -7.51954466e-02, -7.39867538e-02, -6.60083964e-02,
          -7.31841102e-02, -3.68759632e-02, -7.24953786e-02,
          4.78594825e-02, -7.04921260e-02, 7.39163458e-02,
          -7.05885440e-02, 9.46111903e-02, -7.23069012e-02,
          1.09055065e-01, -7.79513866e-02, 1.24023460e-01,
          -8.60497132e-02, 1.80734918e-01, -1.22692816e-01,
          1.98243737e-01, -1.32274538e-01, 2.35077009e-01,
          -1.39831677e-01, 2.44577706e-01, -1.30911738e-01,
          2.34828040e-01, -1.22047268e-01, 1.97851688e-01,
          -1.05347790e-01, 1.80271447e-01, -9.14349630e-02,
          1.47110894e-01, -7.66661391e-02, 1.39150664e-01,
          -7.14056417e-02, 1.39079496e-01, -6.67995661e-02,
          1.54889330e-01, -6.09274097e-02, 1.79664791e-01,
          -5.05142771e-02, 1.79343298e-01, -2.88296826e-02,
          1.62417188e-01, -1.88626796e-02, 1.46148711e-01,
          -1.38954166e-02, 1.22851148e-01, -1.12962127e-02,
          7.29669854e-02, -1.28527181e-02, 4.05782722e-02,
          -1.03340242e-02, 3.43354717e-02, -6.17753528e-03,
          3.42311300e-02, -5.01443501e-05, 4.03342471e-02,
          4.07360401e-03, 4.65332307e-02, 8.26205779e-03, 5.92625886e-02,
          1.47310169e-02, 7.24387988e-02, 1.92667097e-02, 8.61177966e-02,
          1.95961818e-02, 1.00286394e-01, 1.77231729e-02, 1.29973322e-01,
          2.06524841e-02, 1.45577669e-01, 2.33588200e-02, 1.69982567e-01,
          3.11900247e-02, 1.78377554e-01, 3.63102406e-02, 1.86891377e-01,
          4.39622924e-02, 1.86712250e-01, 5.61525784e-02, 1.61093965e-01,
          6.88732341e-02, 1.60986528e-01, 7.59972334e-02, 1.77660972e-01,
          8.46455097e-02, 2.03826666e-01, 9.94693264e-02, 2.41189316e-01,
          1.13690138e-01, 2.50880927e-01, 1.25250340e-01, 2.31256425e-01,
          1.33074626e-01 ]
      children:
         -
            contour: [ -5.72372973e-02, -3.62743177e-02, -6.19355924e-02,
                -3.96223702e-02, -7.11435378e-02, -4.61840145e-02,
                -8.01738128e-02, -4.90816981e-02, -8.01410079e-02,
                -5.08270487e-02, -8.45677108e-02, -5.22360429e-02,
                -9.32822749e-02, -5.32880239e-02, -1.14165507e-01,
                -5.33159673e-02, -1.29983425e-01, -5.20427711e-02,
                -1.33787021e-01, -5.33422194e-02, -1.45019680e-01,
                -5.24095260e-02, -1.55952662e-01, -4.68533076e-02,
                -1.56107441e-01, -3.90916280e-02, -1.45363405e-01,
                -3.50302309e-02, -1.37953475e-01, -3.38404812e-02,
                -1.22553684e-01, -3.30118239e-02, -8.04690197e-02,
                -3.33693661e-02, -5.72372973e-02, -3.62743177e-02 ]
            relative_position: [ -1.0497678148773149e-01,
                -3.7362922656294012e-02 ]
         -
            contour: [ 2.18183994e-02, 2.00613011e-02, 2.18876973e-02,
                1.60354283e-02, -1.14730897e-03, 1.35850534e-02,
                -1.35328248e-03, 2.53092833e-02, 1.00435466e-02,
                2.37158630e-02, 2.18183994e-02, 2.00613011e-02 ]
            relative_position: [ 1.4016229672258684e-02,
                2.4621081991506838e-02 ]
         -
            contour: [ 5.38797565e-02, -5.01686707e-02, 3.51001471e-02,
                -5.10767922e-02, 1.13528920e-02, -5.15649915e-02,
                -1.10225473e-02, -5.20249791e-02, -3.73130850e-02,
                -4.83906642e-02, -3.73803750e-02, -4.46806736e-02,
                -2.72359177e-02, -3.77728604e-02, -2.20546033e-02,
                -3.42446528e-02, 5.28313359e-03, -3.15433592e-02,
                4.09963280e-02, -3.50181051e-02, 4.73712496e-02,
                -4.14994210e-02, 5.38797565e-02, -5.01686707e-02 ]
            relative_position: [ 1.3321385540264408e-02,
                -3.7155226289546393e-02 ]
         -
            contour: [ 1.15749441e-01, -3.59351039e-02, 1.15855880e-01,
                -4.26754616e-02, 1.01313636e-01, -4.64011282e-02,
                8.01044181e-02, -3.45179848e-02, 1.15749441e-01,
                -3.59351039e-02 ]
            relative_position: [ 1.0699384505005372e-01,
                -3.3886676961208714e-02 ]
