%YAML:1.0
---
template_id: 1
type: 1
contour_trees:
   -
      contour: [ 2.50597358e-01, 3.08331521e-03, 2.11439297e-01,
          2.01029214e-03, 1.75137728e-01, 1.01554289e-03, 1.57475099e-01,
          4.09578765e-03, 1.56175882e-01, 1.35667389e-02, 1.46944672e-01,
          1.96770579e-02, 1.38193950e-01, 2.33538039e-02, 9.81774181e-02,
          2.96643954e-02, 8.34001973e-02, 2.98498757e-02, 5.55617325e-02,
          2.80807409e-02, 2.94550173e-02, 2.64216643e-02,
          -7.94968978e-02, 1.59076992e-02, -1.51963905e-01,
          1.28789814e-02, -2.00899482e-01, 7.69832544e-03,
          -2.40388989e-01, 6.50310609e-03, -2.61681169e-01,
          2.60113971e-03, -2.61587471e-01, -1.62139460e-02,
          -2.61210978e-01, -1.88344065e-02, -2.60834515e-01,
          -2.14546509e-02, -2.55311728e-01, -2.34012455e-02,
          -2.12953120e-01, -1.93158165e-02, -1.44538328e-01,
          -1.21750459e-02, -5.21975085e-02, -2.44366145e-03,
          -3.70543450e-02, 1.33166206e-03, 5.12893349e-02,
          1.02922367e-02, 6.49460554e-02, 9.79826879e-03, 8.67337584e-02,
          5.73999342e-03, 9.51538906e-02, -2.28477991e-03,
          8.14566463e-02, -8.09310470e-03, 2.86438260e-02,
          -1.32281184e-02, 2.94947419e-02, -1.93408877e-02,
          9.94239375e-02, -3.31925936e-02, 1.14583939e-01,
          -3.44493650e-02, 1.29953131e-01, -3.34666967e-02,
          1.45544082e-01, -3.01262140e-02, 1.61695063e-01,
          -2.66657416e-02, 2.50597358e-01, 3.08331521e-03 ]
      children:
         []
      distance: 1.8398025626266609e-01
