%YAML:1.0
#fabi_speed_markers_2018-02-13-10-01-24
---
template_id: 2
speed_limit: 30
is_relieved: 0
contour_trees:
   -
      contour: [ 2.13100642e-01, 3.08659244e-02, 1.96584076e-01,
          3.33314911e-02, 1.65648639e-01, 3.35268155e-02, 1.44308850e-01,
          2.81953309e-02, 1.45783246e-01, 1.28854653e-02, 1.32804990e-01,
          2.55515752e-03, 6.18289709e-02, 1.83816515e-02, 3.33387814e-02,
          2.38873214e-02, 2.26890873e-02, 2.41024364e-02,
          -7.35157635e-03, 2.29106601e-02, -1.58345550e-02,
          1.24608772e-02, -1.47812786e-02, 1.79792393e-03,
          -2.35708505e-02, -2.97001307e-03, -4.11461964e-02,
          -5.30502293e-03, -5.80053069e-02, -5.85774286e-03,
          -1.00486070e-01, -5.29678678e-03, -1.18064381e-01,
          -4.78984090e-03, -1.31482199e-01, -3.81265185e-03,
          -1.38117000e-01, -1.87654071e-03, -1.41673297e-01,
          1.98719231e-03, -1.41966596e-01, 4.89898631e-03,
          -1.39148608e-01, 8.37079342e-03, -1.33119792e-01,
          1.24701215e-02, -1.09831370e-01, 1.67823657e-02,
          -1.10140190e-01, 1.98642313e-02, -1.06814824e-01,
          2.20770910e-02, -1.04542978e-01, 3.52328010e-02,
          -1.11839242e-01, 3.68196554e-02, -1.18815787e-01,
          3.68460640e-02, -1.35503143e-01, 3.61686461e-02,
          -1.57247692e-01, 3.41404155e-02, -1.74387559e-01,
          3.01510505e-02, -1.82424754e-01, 2.68881321e-02,
          -1.87601402e-01, 2.43193060e-02, -1.95104837e-01,
          1.98994614e-02, -2.02253491e-01, 1.43041834e-02,
          -2.04325274e-01, 9.87636670e-03, -2.03136370e-01,
          -1.81829871e-03, -2.00262964e-01, -5.28293010e-03,
          -1.91876188e-01, -1.19080050e-02, -1.86280921e-01,
          -1.50972735e-02, -1.66273281e-01, -2.19290573e-02,
          -1.57387570e-01, -2.36033015e-02, -1.51353285e-01,
          -2.42748279e-02, -1.45188361e-01, -2.49608867e-02,
          -1.29250512e-01, -2.60033682e-02, -8.72498974e-02,
          -2.74911635e-02, -7.19352886e-02, -2.74944399e-02,
          -5.58532253e-02, -2.74978783e-02, -3.46232690e-02,
          -2.70729568e-02, 6.94135157e-03, -2.29510050e-02,
          2.17800215e-02, -1.95985176e-02, 3.68848816e-02,
          -1.22952508e-02, 3.66983600e-02, -1.03919031e-02,
          4.71336357e-02, -5.31728286e-03, 1.35502130e-01,
          -2.53902040e-02, 1.56886548e-01, -2.80938689e-02,
          1.78926736e-01, -2.64190193e-02, 1.86743706e-01,
          -2.81191338e-02, 2.10125685e-01, -2.40481887e-02,
          2.14900374e-01, 1.19704502e-02, 2.13100642e-01, 3.08659244e-02 ]
      children:
         []
      distance: 1.8515445179923748e-01
   -
      contour: [ 2.10904732e-01, 9.51589271e-03, 1.85682744e-01,
          2.25030500e-02, 1.54965356e-01, 3.00352294e-02, 1.40595719e-01,
          3.14569548e-02, 1.13449693e-01, 3.20733227e-02, 4.18365598e-02,
          2.98862997e-02, -1.87653210e-02, 3.15658934e-02,
          -7.02419877e-02, 3.13683301e-02, -9.68773812e-02,
          3.10056321e-02, -1.21401720e-01, 3.06716859e-02,
          -1.64725482e-01, 2.72973850e-02, -1.75800338e-01,
          2.50612088e-02, -1.91353157e-01, 1.98937580e-02,
          -1.98709309e-01, 1.67740956e-02, -2.03393728e-01,
          1.38863539e-02, -2.07838833e-01, 9.77899600e-03,
          -2.09955171e-01, 7.12041371e-03, -2.12051168e-01,
          4.48740087e-03, -2.10725069e-01, -6.87837554e-03,
          -2.02565640e-01, -1.44417481e-02, -1.89195007e-01,
          -2.09831093e-02, -1.81005776e-01, -2.37334687e-02,
          -1.67006195e-01, -2.66847443e-02, -1.55373067e-01,
          -2.83206906e-02, -1.37057737e-01, -3.01878732e-02,
          -1.00499943e-01, -3.11390739e-02, -2.07352806e-02,
          -3.14869061e-02, 5.98408766e-02, -3.14513408e-02,
          1.33786902e-01, -3.08881830e-02, 1.54371545e-01,
          -2.90992800e-02, 1.68587029e-01, -2.71198284e-02,
          1.97990313e-01, -1.83795877e-02, 2.05408365e-01,
          -1.37907136e-02, 2.12701425e-01, -6.79147104e-03,
          2.10904732e-01, 9.51589271e-03 ]
      children:
         -
            contour: [ 1.43718377e-01, 3.38001410e-03, 1.44198492e-01,
                -9.37377685e-04, 1.37758017e-01, -5.33504691e-03,
                -1.26661181e-01, -9.90009680e-03, -1.36426911e-01,
                -8.53884965e-03, -1.46207333e-01, -4.36972501e-03,
                -1.47197217e-01, 4.18719975e-03, -1.38436705e-01,
                8.85620434e-03, -1.01730876e-01, 1.04016792e-02,
                -5.96198961e-02, 8.86166096e-03, -7.01760501e-03,
                1.08089149e-02, 5.50443716e-02, 1.11600747e-02,
                1.02927461e-01, 1.07443528e-02, 1.36327773e-01,
                7.51231378e-03, 1.43718377e-01, 3.38001410e-03 ]
            relative_position: [ -7.5223308833674007e-03,
                2.0315425818651228e-03 ]
      distance: 2.7305914268391818e-01
