%YAML:1.0
---
template_id: 2
speed_limit: 20
is_relieved: 0
contour_trees:
   -
      contour: [ 2.01387420e-01, 1.42687550e-02, 1.86160505e-01,
          2.27770153e-02, 1.73526689e-01, 2.66602896e-02, 1.61126733e-01,
          3.04717068e-02, 1.18163288e-01, 3.65003198e-02, 9.99897569e-02,
          3.51628661e-02, 8.45844820e-02, 2.97527313e-02, 8.67212787e-02,
          2.56341863e-02, 8.02597776e-02, 2.09938884e-02, 8.44963044e-02,
          1.28306383e-02, 9.41977575e-02, 1.12239225e-02, 1.21049404e-01,
          1.25714745e-02, 1.32531434e-01, 8.77275784e-03, 1.20626442e-01,
          -4.63671144e-03, 1.02737755e-01, -5.23622008e-03,
          5.95950074e-02, -4.67630057e-03, 4.27203439e-02,
          -3.30155948e-03, 2.63878386e-02, -1.97100174e-03,
          1.39497209e-03, 2.74184020e-03, -5.16728088e-02,
          1.11553408e-02, -5.89375459e-02, 1.25369858e-02,
          -1.08683512e-01, 2.50031054e-02, -1.39287144e-01,
          2.92698406e-02, -1.50456965e-01, 2.99423672e-02,
          -1.61331758e-01, 3.05971336e-02, -1.86904654e-01,
          3.14011127e-02, -2.00541362e-01, 3.00704204e-02,
          -2.07808018e-01, 2.62666494e-02, -2.06265733e-01,
          2.33227871e-02, -2.09074542e-01, 2.00118888e-02,
          -2.05756232e-01, 5.11619635e-03, -2.09231675e-01,
          -2.14589555e-02, -2.04774722e-01, -2.99590863e-02,
          -1.95487320e-01, -3.12810652e-02, -1.59135565e-01,
          -3.08791120e-02, -1.47746891e-01, -2.45739203e-02,
          -1.46817774e-01, -1.67470183e-02, -1.50054842e-01,
          -1.05602592e-02, -1.45741969e-01, 7.91568076e-04,
          -1.30267948e-01, 1.60068972e-03, -1.10742621e-01,
          -4.08697594e-03, -8.45939517e-02, -9.80670564e-03,
          -4.52243760e-02, -1.37611544e-02, -1.41608287e-02,
          -2.20142342e-02, 8.71848688e-03, -2.53074951e-02,
          2.42481269e-02, -2.69642081e-02, 4.02764976e-02,
          -2.86741275e-02, 1.41847059e-01, -2.75510252e-02,
          1.85157299e-01, -1.59637835e-02, 2.01308921e-01,
          -6.51552109e-03, 2.07267597e-01, 2.89424881e-03,
          2.01387420e-01, 1.42687550e-02 ]
      children:
         []
      distance: 2.0642878266893114e-01
   -
      contour: [ 2.00150564e-01, 1.23254927e-02, 1.86904460e-01,
          1.92859191e-02, 1.74963042e-01, 2.39798352e-02, 1.64293036e-01,
          2.64666975e-02, 1.53810531e-01, 2.89098583e-02, 1.34422705e-01,
          3.16004045e-02, 1.16711564e-01, 3.21654305e-02, 7.59436563e-02,
          3.15463245e-02, 3.93189304e-02, 2.91018747e-02,
          -1.55929867e-02, 2.94456333e-02, -7.10273832e-02,
          3.16466913e-02, -1.14015289e-01, 3.18184122e-02,
          -1.33474126e-01, 3.11344955e-02, -1.59750059e-01,
          2.79671401e-02, -1.92541108e-01, 1.73679050e-02,
          -2.03279436e-01, 7.56786298e-03, -2.05203518e-01,
          3.83587438e-03, -2.05745712e-01, -2.54165707e-03,
          -2.03026280e-01, -7.91717507e-03, -1.99050292e-01,
          -8.32888857e-03, -1.95632935e-01, -1.50849102e-02,
          -1.90218315e-01, -1.82571076e-02, -1.75696775e-01,
          -2.38467269e-02, -1.62084863e-01, -2.68207695e-02,
          -1.39516458e-01, -2.96032596e-02, -8.24676305e-02,
          -3.07735205e-02, -3.94417495e-02, -3.11118849e-02,
          1.07170589e-01, -3.08107119e-02, 1.31580114e-01,
          -3.12145613e-02, 1.71640381e-01, -2.49914173e-02,
          2.02000424e-01, -1.09674884e-02, 2.08852649e-01,
          -5.12003945e-03, 2.00150564e-01, 1.23254927e-02 ]
      children:
         -
            contour: [ 1.37792498e-01, 7.27880467e-03, 1.35008261e-01,
                -4.42254543e-03, 1.19593486e-01, -7.25866342e-03,
                1.03705212e-01, -8.03689100e-03, 8.83327648e-02,
                -8.78985599e-03, 3.06192730e-02, -9.75773297e-03,
                -1.49424057e-02, -9.43611562e-03, -1.08382568e-01,
                -8.99491925e-03, -1.27603337e-01, -8.64087045e-03,
                -1.32446170e-01, -8.18353519e-03, -1.33196294e-01,
                -6.69724820e-03, -1.42694205e-01, -5.81777608e-03,
                -1.46400303e-01, 1.52345991e-03, -1.36662111e-01,
                9.31143761e-03, -1.27668351e-01, 1.01226736e-02,
                -1.13350578e-01, 1.06064500e-02, -5.93826622e-02,
                8.50944966e-03, -4.96793771e-03, 8.29527248e-03,
                2.15096548e-02, 8.39240104e-03, 7.86507353e-02,
                1.05390130e-02, 1.37792498e-01, 7.27880467e-03 ]
            relative_position: [ -5.8613646341353354e-03,
                -5.7487236118117235e-04 ]
      distance: 2.9634879844337003e-01
