%YAML:1.0
#fabi_speed_markers_2018-02-13-10-01-24
---
template_id: 2
speed_limit: 30
is_relieved: 1
contour_trees:
   -
      contour: [ 2.95876741e-01, -1.22082472e-01, 2.89709657e-01,
          -1.09098397e-01, 2.72140503e-01, -9.35785398e-02,
          2.49786884e-01, -8.81409571e-02, 2.10345432e-01,
          -7.33633116e-02, 1.93052351e-01, -6.41718060e-02,
          2.04688534e-01, -4.41117473e-02, 1.98736429e-01,
          -3.54178064e-02, 1.66141406e-01, -1.92550253e-02,
          1.31093532e-01, -1.24486005e-02, 1.13317586e-01,
          -1.12410374e-02, 6.13100715e-02, -1.16937542e-02,
          3.88192534e-02, -9.09705274e-03, 2.61907633e-02,
          -4.36551776e-03, 1.50010930e-02, 2.03155517e-03,
          1.81360599e-02, 7.47155538e-03, 3.78744006e-02, 1.58996247e-02,
          5.50163873e-02, 1.89836323e-02, 6.76114410e-02, 2.71735024e-02,
          8.67869928e-02, 3.24429683e-02, 1.42741546e-01, 2.38069743e-02,
          1.80362493e-01, 2.26028319e-02, 2.01468036e-01, 2.41190456e-02,
          2.07702458e-01, 3.48806456e-02, 2.03617290e-01, 6.27690777e-02,
          2.15869769e-01, 8.39318931e-02, 2.29139432e-01, 8.95236954e-02,
          2.66649395e-01, 1.00345336e-01, 2.80921519e-01, 1.06311426e-01,
          2.78123468e-01, 1.20138980e-01, 2.70323128e-01, 1.24993123e-01,
          2.48953059e-01, 1.23735845e-01, 2.36719862e-01, 1.19944640e-01,
          2.11711839e-01, 1.10486440e-01, 1.71752945e-01, 8.98349732e-02,
          1.41836122e-01, 8.40590075e-02, 1.36138320e-01, 7.41955489e-02,
          1.24671370e-01, 6.91600740e-02, 1.03423595e-01, 6.12645634e-02,
          8.61472040e-02, 5.93009554e-02, 6.44588917e-02, 6.20103106e-02,
          2.60730553e-02, 7.05833733e-02, 7.16812117e-03, 7.28609487e-02,
          -4.97455103e-03, 7.43238255e-02, -1.77295543e-02,
          7.40710422e-02, -3.01215351e-02, 7.38254488e-02,
          -4.23034094e-02, 6.30603954e-02, -3.77050415e-02,
          6.06314205e-02, -4.43376563e-02, 4.90915924e-02,
          -5.17099835e-02, 4.66914028e-02, -7.65257105e-02,
          4.37866710e-02, -1.03040077e-01, 4.49884422e-02,
          -1.11591756e-01, 4.81803343e-02, -1.43676847e-01,
          6.01559728e-02, -1.50389969e-01, 6.43923581e-02,
          -1.52873665e-01, 6.78893104e-02, -1.48002729e-01,
          7.63949677e-02, -1.51293159e-01, 7.83898160e-02,
          -1.48064971e-01, 8.40275735e-02, -1.64066806e-01,
          8.61339271e-02, -1.72564924e-01, 8.57899860e-02,
          -1.94096059e-01, 8.29825550e-02, -2.01920375e-01,
          8.26876983e-02, -2.08093673e-01, 8.49830657e-02,
          -2.14131445e-01, 8.72280449e-02, -2.19316095e-01,
          9.06882510e-02, -2.38695726e-01, 9.85761210e-02,
          -2.54500955e-01, 1.04385465e-01, -2.63043612e-01,
          1.05414651e-01, -2.69013941e-01, 9.49472710e-02,
          -2.68098861e-01, 8.59381631e-02, -2.62428194e-01,
          8.50499049e-02, -2.41362602e-01, 7.63616860e-02,
          -2.35813528e-01, 7.40730539e-02, -2.34788105e-01,
          6.97694644e-02, -2.43926108e-01, 6.59025684e-02,
          -2.51021028e-01, 5.34794033e-02, -2.50082284e-01,
          4.90911752e-02, -2.48416543e-01, 4.59112450e-02,
          -2.38639310e-01, 3.79729941e-02, -2.32846260e-01,
          3.51682268e-02, -2.26922557e-01, 3.23002115e-02,
          -1.94966614e-01, 2.47669350e-02, -1.82734579e-01,
          2.34797765e-02, -1.46697491e-01, 2.17776895e-02,
          -1.10672824e-01, 2.24604011e-02, -9.11402777e-02,
          1.83371324e-02, -8.09669420e-02, 1.61895659e-02,
          -6.16541915e-02, 8.39482900e-03, -5.15787676e-02,
          4.32833889e-03, -5.44795394e-02, -7.15775939e-04,
          -6.48099855e-02, -7.81104295e-03, -7.21331313e-02,
          -9.83356498e-03, -9.06882659e-02, -1.08654946e-02,
          -1.13340385e-01, -1.05981883e-02, -1.59410462e-01,
          -8.93235765e-03, -2.02857614e-01, -1.16635365e-02,
          -2.12668970e-01, -1.36182988e-02, -2.27340922e-01,
          -1.71453431e-02, -2.32374951e-01, -1.87450740e-02,
          -2.38120705e-01, -2.16731466e-02, -2.43799269e-01,
          -2.45670304e-02, -2.53218472e-01, -3.40829566e-02,
          -2.53754258e-01, -4.19705287e-02, -2.51986295e-01,
          -4.59103286e-02, -2.41552621e-01, -5.66242374e-02,
          -2.31791347e-01, -6.21939972e-02, -2.20033303e-01,
          -6.51130602e-02, -2.14159191e-01, -7.09758103e-02,
          -2.20407203e-01, -7.37738460e-02, -2.27395132e-01,
          -7.79646263e-02, -2.61252463e-01, -9.10421088e-02,
          -2.68485755e-01, -9.63215753e-02, -2.66764104e-01,
          -1.00671679e-01, -2.62462616e-01, -1.08135812e-01,
          -2.49460727e-01, -1.16484575e-01, -2.44260430e-01,
          -1.15408629e-01, -2.37340227e-01, -1.11431651e-01,
          -2.24071607e-01, -1.04787044e-01, -1.99669987e-01,
          -8.77825469e-02, -1.85462162e-01, -8.06042999e-02,
          -1.78652808e-01, -7.77043700e-02, -1.71752289e-01,
          -7.47656375e-02, -7.78830498e-02, -7.49447942e-02,
          1.32886484e-01, -7.66764283e-02, 1.63738728e-01,
          -7.71831870e-02, 1.91176280e-01, -8.67132545e-02,
          2.18912378e-01, -9.91289020e-02, 2.49745697e-01,
          -1.09924324e-01, 2.95876741e-01, -1.22082472e-01 ]
      children:
         -
            contour: [ -1.33420527e-01, -3.59821208e-02, -1.40725270e-01,
                -3.92454490e-02, -1.62056401e-01, -4.87749986e-02,
                -1.68110818e-01, -5.03542982e-02, -1.82401881e-01,
                -4.90337014e-02, -1.88827321e-01, -4.32961211e-02,
                -1.90310240e-01, -3.75679396e-02, -1.82945877e-01,
                -3.30347307e-02, -1.41727597e-01, -3.16541828e-02,
                -1.33420527e-01, -3.59821208e-02 ]
            relative_position: [ -1.5724063454389992e-01,
                -2.9752862109876155e-02 ]
         -
            contour: [ 4.47949134e-02, 4.09167074e-02, 4.16307561e-02,
                3.54272909e-02, 2.93756020e-03, 1.83514450e-02,
                -5.35197975e-03, 1.60050914e-02, -3.04073207e-02,
                1.89153869e-02, -3.61985005e-02, 2.00400446e-02,
                -3.99704315e-02, 2.45136004e-02, -1.25812460e-02,
                2.70131975e-02, 1.21273343e-02, 3.43086310e-02,
                2.57678200e-02, 4.57541235e-02, 4.47949134e-02,
                4.09167074e-02 ]
            relative_position: [ 1.7100451724394339e-02,
                3.2268254071892877e-02 ]
         -
            contour: [ 8.88363123e-02, -5.35865612e-02, 7.09569752e-02,
                -5.36765940e-02, -5.84047884e-02, -5.26047945e-02,
                -6.40674829e-02, -5.09354919e-02, -1.02023430e-01,
                -5.12727015e-02, -1.04287513e-01, -4.48020920e-02,
                -9.63584408e-02, -4.14164215e-02, -8.01539719e-02,
                -3.44972983e-02, -7.28393495e-02, -3.26410346e-02,
                -5.32042310e-02, -3.20568457e-02, 2.65636505e-03,
                -3.21889259e-02, 4.08909321e-02, -3.29929478e-02,
                5.52949607e-02, -3.64245251e-02, 7.66794756e-02,
                -4.37729657e-02, 8.88363123e-02, -5.35865612e-02 ]
            relative_position: [ -2.1540676037866691e-03,
                -3.9205368840541793e-02 ]
      distance: 2.1862007037504649e-01
