%YAML:1.0
---
template_id: 1
type: 0
contour_trees:
   -
      contour: [ 2.32605785e-01, 5.14820497e-03, 2.32685879e-01,
          7.67178228e-03, 2.14486316e-01, 1.39187966e-02, 1.71733379e-01,
          2.62007602e-02, 1.40150368e-01, 3.48124206e-02, 1.25054404e-01,
          3.55278589e-02, 1.10393472e-01, 3.40083279e-02, 3.15648690e-02,
          1.98257063e-02, 2.55658329e-02, 1.62657872e-02, 6.86428845e-02,
          1.07904328e-02, 1.02363661e-01, 3.67664336e-03, 1.02168076e-01,
          -2.89544510e-03, 9.50518996e-02, -6.58699358e-03,
          7.45751709e-02, -1.09464377e-02, 4.27811407e-02,
          -9.61072743e-03, -3.43948379e-02, -1.20588788e-03,
          -2.62333781e-01, 2.48802416e-02, -2.67001271e-01,
          2.28754878e-02, -2.69840270e-01, -4.51243861e-04,
          -2.48669580e-01, -5.14394278e-03, -2.17269108e-01,
          -7.49593088e-03, -1.33819640e-01, -1.42769739e-02,
          -8.58897418e-02, -1.79079827e-02, 1.73866074e-03,
          -2.26080175e-02, 3.62003744e-02, -2.71571167e-02,
          7.40154684e-02, -3.00218612e-02, 9.43435803e-02,
          -3.04740537e-02, 1.08480044e-01, -3.00524142e-02,
          1.46140292e-01, -2.31776573e-02, 1.62352085e-01,
          -1.32257603e-02, 1.62639856e-01, -3.84757901e-03,
          1.79224804e-01, -5.26356511e-04, 2.32285365e-01,
          -4.94415779e-03, 2.51420766e-01, -3.95904714e-03,
          2.32605785e-01, 5.14820497e-03 ]
      children:
         []
      distance: 2.3675362191963295e-01
